-0.058597173541784286
-0.047572970390319824
-0.04857293516397476
-0.04795490950345993
-0.049504656344652176
-0.04826556518673897
-0.050701506435871124
-0.04766932502388954
-0.049442242830991745
-0.0513344369828701
-0.051999546587467194
-0.04815363883972168
-0.04950452968478203
-0.05061398446559906
-0.05240074172616005
-0.05205965414643288
-0.05267417058348656
-0.05057208985090256
-0.052222903817892075
-0.05167468637228012
-0.05252332612872124
-0.051764629781246185
-0.05197980999946594
-0.05124754458665848
-0.051053617149591446
-0.05110733583569527
-0.05245791748166084
-0.049781352281570435
-0.049176838248968124
-0.049264442175626755
-0.050293780863285065
-0.04889813810586929
-0.0504002720117569
-0.04852347448468208
-0.048640988767147064
-0.047354210168123245
-0.048448123037815094
-0.0476277619600296
-0.047223713248968124
-0.04694909602403641
-0.048848479986190796
-0.04841084033250809
-0.04908636212348938
-0.04679112881422043
-0.04720477759838104
-0.04689851403236389
-0.04815706983208656
-0.04796331748366356
-0.04511035606265068
-0.04427442327141762
-0.04562055319547653
-0.04647529125213623
-0.04353215917944908
-0.04464951530098915
-0.04455120861530304
-0.04461832344532013
-0.044100094586610794
-0.044613901525735855
-0.042706072330474854
-0.04388931021094322
-0.04235922917723656
-0.04384492710232735
-0.042206838726997375
-0.044063229113817215
-0.04404948651790619
-0.04287753254175186
-0.044767171144485474
-0.041413336992263794
-0.04287077486515045
-0.04224368557333946
-0.03967183455824852
-0.04019593074917793
-0.04251889884471893
-0.04035727679729462
-0.041326962411403656
-0.043063800781965256
-0.04367227107286453
-0.043982211500406265
-0.046248193830251694
-0.04281485080718994
-0.04196063056588173
-0.04235352203249931
-0.04481407254934311
-0.04228067025542259
-0.043478336185216904
-0.043276868760585785
-0.04101581871509552
-0.041345030069351196
-0.04356542229652405
-0.042445290833711624
-0.04279237613081932
-0.04279233142733574
-0.043382659554481506
-0.04389135167002678
-0.042594678699970245
-0.04306280240416527
-0.04292631521821022
-0.04540088027715683
-0.04309575632214546
-0.044001758098602295
-0.04438857361674309
-0.04665439948439598
-0.040100280195474625
-0.043103091418743134
-0.041660577058792114
-0.04371822625398636
-0.04040106385946274
-0.04303760826587677
-0.042512446641922
-0.04048636555671692
-0.0455743670463562
-0.04157191514968872
-0.04166822135448456
-0.04250086098909378
-0.04120942950248718
-0.04294983670115471
-0.039988454431295395
-0.04332387074828148
-0.04346885159611702
-0.04202702268958092
-0.043724026530981064
-0.039865270256996155
-0.04295097663998604
-0.04201629012823105
-0.04173360392451286
-0.042656850069761276
-0.042751338332891464
-0.042363230139017105
-0.04183574765920639
-0.04389180615544319
-0.04325173422694206
-0.04599253460764885
-0.045292142778635025
-0.044772181659936905
-0.04401702061295509
-0.04640890657901764
-0.0427175834774971
-0.04767640307545662
-0.044314585626125336
-0.046488333493471146
-0.043657876551151276
-0.044303975999355316
-0.044122032821178436
-0.040869276970624924
-0.04662758484482765
-0.04275794327259064
-0.04506092891097069
-0.042668476700782776
-0.04907670244574547
-0.04322560876607895
-0.04595557227730751
-0.04391435161232948
-0.04623387008905411
-0.04474976286292076
-0.04223102703690529
-0.04758944362401962
-0.04329036548733711
-0.046286363154649734
-0.04427960887551308
-0.04374181851744652
-0.04456298425793648
-0.045559290796518326
-0.04349971562623978
-0.04543933644890785
-0.04558445140719414
-0.044385481625795364
-0.044036850333213806
-0.04378823563456535
-0.04405694827437401
-0.04382024332880974
-0.04180556535720825
-0.04533448442816734
-0.045677632093429565
-0.04565892741084099
-0.04279868304729462
-0.04578341171145439
-0.04415005445480347
-0.044195130467414856
-0.045848436653614044
-0.04050407558679581
-0.04185742512345314
-0.04558970034122467
-0.04412546381354332
-0.04500953108072281
-0.04484434798359871
-0.04375191777944565
-0.045178335160017014
-0.0406106561422348
-0.04439880698919296
-0.04319773614406586
-0.044388674199581146
-0.04433180391788483
-0.04411783069372177
-0.04086076468229294
-0.043833840638399124
-0.04368259012699127
-0.04951079934835434
-0.04539294168353081
-0.050883665680885315
-0.04404933750629425
-0.04451080411672592
-0.04304193705320358
-0.0411449559032917
-0.042929764837026596
-0.04706110060214996
-0.046791091561317444
-0.04548855870962143
-0.0464211106300354
-0.042526163160800934
-0.04196206480264664
-0.04070429503917694
-0.04101908579468727
-0.04187992587685585
-0.041615959256887436
-0.0451311357319355
-0.04111969843506813
-0.04009340703487396
-0.04618367180228233
-0.04028259217739105
-0.04717082157731056
-0.041445858776569366
-0.04315965250134468
-0.04528219997882843
-0.044033199548721313
-0.04139486327767372
-0.04578038305044174
-0.04447733238339424
-0.04946301132440567
-0.042893461883068085
-0.043131023645401
-0.04714033007621765
-0.0461055226624012
-0.04429152235388756
-0.04173742234706879
-0.043869372457265854
-0.04378824681043625
-0.04167812690138817
-0.042592816054821014
-0.046603959053754807
-0.046043798327445984
-0.04369296506047249
-0.04171755909919739
-0.04070856794714928
-0.04513826593756676
-0.042397547513246536
-0.04156457260251045
-0.044610630720853806
-0.04137939214706421
-0.04769950360059738
-0.04632158577442169
-0.046692121773958206
-0.044153548777103424
-0.044664859771728516
-0.041659966111183167
-0.04295600578188896
-0.04130241274833679
-0.044780880212783813
-0.042668431997299194
-0.04521823674440384
-0.049945272505283356
-0.043904196470975876
-0.04520625248551369
-0.04455990716814995
-0.0461646169424057
-0.04291149973869324
-0.04369942098855972
-0.046585842967033386
-0.047232337296009064
-0.047219641506671906
-0.045347243547439575
-0.04393790289759636
-0.04560070484876633
-0.041544023901224136
-0.03962574154138565
-0.04189707711338997
-0.04465251788496971
-0.04334084689617157
-0.050915658473968506
-0.04532666504383087
-0.04473439231514931
-0.046101368963718414
-0.05057096481323242
-0.046203747391700745
-0.04373786970973015
-0.038699131458997726
-0.0444941408932209
-0.0456586554646492
-0.046722717583179474
-0.04439882934093475
-0.044390298426151276
-0.04596707969903946
-0.04982874542474747
-0.048110250383615494
-0.049955904483795166
-0.04377308115363121
-0.04400242492556572
-0.041759129613637924
-0.043638307601213455
-0.044477932155132294
-0.04330359026789665
-0.04871969297528267
-0.04773137345910072
-0.04574261233210564
-0.04828012362122536
-0.04806571453809738
-0.05000317841768265
-0.04817892238497734
-0.04984131082892418
-0.0481538325548172
-0.04949445277452469
-0.04563278332352638
-0.04407985135912895
-0.047048419713974
-0.04384462907910347
-0.04445311054587364
-0.04942210391163826
-0.046368930488824844
-0.04644974321126938
-0.046295810490846634
-0.04591960832476616
-0.04910905659198761
-0.053056105971336365
-0.04747111722826958
-0.041503194719552994
-0.04126932471990585
-0.049404606223106384
-0.05123530700802803
-0.044961631298065186
-0.0492926724255085
-0.04577503353357315
-0.04782583564519882
-0.05037651211023331
-0.04591958224773407
-0.04773303121328354
-0.04635974019765854
-0.0484238862991333
-0.04676147922873497
-0.04835973680019379
-0.046925727277994156
-0.0490616112947464
-0.04462210461497307
-0.05017297342419624
-0.045510996133089066
-0.046804029494524
-0.04546239599585533
-0.052725210785865784
-0.05163984000682831
-0.045698873698711395
-0.050801221281290054
-0.04436490684747696
-0.051482897251844406
-0.04221617057919502
-0.04510943591594696
-0.04637593403458595
-0.05164314806461334
-0.04633330553770065
-0.04540087282657623
-0.049917131662368774
-0.048322893679142
-0.04407575726509094
-0.04850052669644356
-0.046809591352939606
-0.04117048904299736
-0.04469766467809677
-0.050345562398433685
-0.04641050845384598
-0.04575587436556816
-0.044363465160131454
-0.04335763677954674
-0.039584752172231674
-0.0520203597843647
-0.04600312560796738
-0.04994947090744972
-0.04742627963423729
-0.0486508347094059
-0.052523694932460785
-0.04646877944469452
-0.04613417014479637
-0.043811265379190445
-0.043682560324668884
-0.04606512933969498
-0.0451936237514019
-0.04815606772899628
-0.04685681685805321
-0.04742814600467682
-0.05151668190956116
-0.049138907343149185
-0.05324789136648178
-0.04908022657036781
-0.04409223422408104
-0.0476532019674778
-0.04710690677165985
-0.04899884760379791
-0.04531986638903618
-0.04940684139728546
-0.04360998421907425
-0.04940241947770119
-0.04986349120736122
-0.048869699239730835
-0.046054743230342865
-0.04703763127326965
-0.04960973933339119
-0.043942131102085114
-0.046852827072143555
-0.04790368676185608
-0.04886900633573532
-0.054246339946985245
-0.04871733859181404
-0.05109119415283203
-0.0485919788479805
-0.04616960883140564
-0.04700665548443794
-0.05158547684550285
-0.04721491411328316
-0.052698105573654175
-0.052808720618486404
-0.04800712689757347
-0.04639887809753418
-0.04717591404914856
-0.05009261891245842
-0.04490448907017708
-0.05446016788482666
-0.047453660517930984
-0.04728912562131882
-0.04713471233844757
-0.046597108244895935
-0.05083872377872467
-0.049552641808986664
-0.043251849710941315
-0.04721296206116676
-0.04429645836353302
-0.04481739550828934
-0.04710033908486366
-0.04999476298689842
-0.049850307404994965
-0.0426551029086113
-0.045582111924886703
-0.04784633219242096
-0.045820869505405426
-0.04933900386095047
-0.04647550731897354
-0.04850463941693306
-0.045501913875341415
-0.04833093285560608
-0.05025366321206093
-0.04962073266506195
-0.04530709236860275
-0.04965393990278244
-0.0511784702539444
-0.046315860003232956
-0.053463682532310486
-0.0456281416118145
-0.047731850296258926
-0.05224290490150452
-0.045904915779829025
-0.049018386751413345
-0.04804716259241104
-0.046454381197690964
-0.056729696691036224
-0.05006980895996094
-0.051104601472616196
-0.047055553644895554
-0.05260949581861496
-0.04988536611199379
-0.05050033703446388
-0.048723004758358
-0.045780133455991745
-0.04583612456917763
-0.04950246959924698
-0.051545292139053345
-0.051149677485227585
-0.05696098506450653
-0.04390747472643852
-0.055194757878780365
-0.04973706975579262
-0.05053677782416344
-0.044428326189517975
-0.05221479758620262
-0.05037068948149681
-0.0483631007373333
-0.0510907843708992
-0.04536362737417221
-0.0456608310341835
-0.04916862025856972
-0.04975702986121178
-0.050573449581861496
-0.05136929079890251
-0.04942120984196663
-0.057627104222774506
-0.046043332666158676
-0.05226971581578255
-0.046499885618686676
-0.04710189998149872
-0.052368976175785065
-0.052022457122802734
-0.048812802881002426
-0.054873913526535034
-0.04482845216989517
-0.047985225915908813
-0.0451262891292572
-0.05093486234545708
-0.04864788055419922
-0.047760605812072754
-0.049435805529356
-0.053768668323755264
-0.05055215582251549
-0.053083352744579315
-0.050691261887550354
-0.05411241948604584
-0.0467381551861763
-0.05466200038790703
-0.04965204373002052
-0.05010863021016121
-0.04963144659996033
-0.04842741787433624
-0.047438833862543106
-0.04905783385038376
-0.04793008789420128
-0.04882192984223366
-0.05726476013660431
-0.04495749995112419
-0.05305810645222664
-0.04750596731901169
-0.05364542827010155
-0.05179275944828987
-0.05471712350845337
-0.05371394008398056
-0.049771059304475784
-0.048912469297647476
-0.056468598544597626
-0.054245252162218094
-0.04563406482338905
-0.0513804666697979
-0.0503883920609951
-0.04999903216958046
-0.05262453481554985
-0.048561036586761475
-0.0523047000169754
-0.05140099301934242
-0.05073511227965355
-0.05778839811682701
-0.04983387142419815
-0.05080956965684891
-0.05105559155344963
-0.05791136249899864
-0.05508905649185181
-0.04440765455365181
-0.052539028227329254
-0.048867981880903244
-0.049101322889328
-0.05737634748220444
-0.05481584742665291
-0.05414381995797157
-0.055429644882678986
-0.04835985600948334
-0.0537627637386322
-0.05049470439553261
-0.05837196111679077
-0.06097356975078583
-0.049141839146614075
-0.05358322337269783
-0.04807691648602486
-0.05547592416405678
-0.05640316382050514
-0.05501379445195198
-0.051303498446941376
-0.05402592942118645
-0.05462926626205444
-0.06157243996858597
-0.05355410277843475
-0.05233851075172424
-0.05236845463514328
-0.0540732778608799
-0.06495697796344757
-0.049337469041347504
-0.05604558810591698
-0.05821725353598595
-0.055205561220645905
-0.0549607016146183
-0.05187620967626572
-0.057144470512866974
-0.053768549114465714
-0.05300753191113472
-0.050678469240665436
-0.05609817057847977
-0.0528414286673069
-0.05464210361242294
-0.05628812685608864
-0.05542373284697533
-0.06098406761884689
-0.0608145147562027
-0.0593477264046669
-0.05586562305688858
-0.05994695797562599
-0.05525682494044304
-0.060143955051898956
-0.05776074528694153
-0.056330304592847824
-0.05758039653301239
-0.06059255823493004
-0.05457543954253197
-0.049807265400886536
-0.06074138730764389
-0.05919260159134865
-0.05451376736164093
-0.05742933601140976
-0.050127364695072174
-0.058738913387060165
-0.05663023889064789
-0.061326075345277786
-0.05785036459565163
-0.05887006223201752
-0.05548145994544029
-0.05648725479841232
-0.05678454414010048
-0.0627850741147995
-0.05840592831373215
-0.05611514300107956
-0.06125959753990173
-0.057598378509283066
-0.058675505220890045
-0.06073901057243347
-0.053716130554676056
-0.05777639150619507
-0.05793621391057968
-0.06441326439380646
-0.0554201640188694
-0.05326471105217934
-0.06052213907241821
-0.053569525480270386
-0.06073359027504921
-0.051075972616672516
-0.06845395267009735
-0.05558939650654793
-0.057038236409425735
-0.06362628936767578
-0.06295488029718399
-0.05829028785228729
-0.06404002010822296
-0.05626168102025986
-0.06462689489126205
-0.061198633164167404
-0.05984063073992729
-0.06223735213279724
-0.06263961642980576
-0.05884227529168129
-0.06650405377149582
-0.05814218521118164
-0.058423228561878204
-0.06280696392059326
-0.06177659332752228
-0.059980981051921844
-0.05749605968594551
-0.06881097704172134
-0.06726540625095367
-0.05470375716686249
-0.053588684648275375
-0.06709293276071548
-0.0630660355091095
-0.0587957464158535
-0.06610924005508423
-0.06099269166588783
-0.06672677397727966
-0.06359124928712845
-0.06517759710550308
-0.05661923438310623
-0.06423493474721909
-0.06293412297964096
-0.06003081798553467
-0.054902348667383194
-0.06458289921283722
-0.0645691454410553
-0.0634365901350975
-0.0574069544672966
-0.06312282383441925
-0.054473698139190674
-0.05423668399453163
-0.0675276592373848
-0.057771727442741394
-0.06221200153231621
-0.06874707341194153
-0.061572108417749405
-0.066544309258461
-0.05548650026321411
-0.059954117983579636
-0.05499846115708351
-0.06537709385156631
-0.06358081847429276
-0.05823059380054474
-0.06216806545853615
-0.06169314682483673
-0.06456329673528671
-0.06640295684337616
-0.05875234678387642
-0.06543193012475967
-0.0718161016702652
-0.05713373422622681
-0.0662277489900589
-0.06414416432380676
-0.0672067329287529
-0.06479330360889435
-0.06399502605199814
-0.06219960376620293
-0.06118817999958992
-0.060013119131326675
-0.06297720223665237
-0.05953565239906311
-0.05874011293053627
-0.06496400386095047
-0.06123194471001625
-0.055303797125816345
-0.07089187949895859
-0.06599828600883484
-0.061398621648550034
-0.05809935927391052
-0.05833565816283226
-0.06192959100008011
-0.06625622510910034
-0.06615035235881805
-0.06446889787912369
-0.06652342528104782
-0.06026456505060196
-0.06266950815916061
-0.06300469487905502
-0.06595727801322937
-0.07740854471921921
-0.06415992230176926
-0.0661211758852005
-0.06530427932739258
-0.0649828165769577
-0.06931732594966888
-0.06833934783935547
-0.062204908579587936
-0.061664700508117676
-0.06657294183969498
-0.06582289189100266
-0.07381921261548996
-0.0687626376748085
-0.06870931386947632
-0.06624213606119156
-0.06578192114830017
-0.06750009208917618
-0.06479644030332565
-0.06579405069351196
-0.06956874579191208
-0.06426016241312027
-0.06343216449022293
-0.0591546855866909
-0.06806393712759018
-0.07363589853048325
-0.06617405265569687
-0.0726957693696022
-0.06835879385471344
-0.07690365612506866
-0.06811141967773438
-0.07120559364557266
-0.06319765746593475
-0.06431972235441208
-0.07046879827976227
-0.06400763243436813
-0.07206657528877258
-0.07019402831792831
-0.06973196566104889
-0.06921904534101486
-0.0723828449845314
-0.0763823390007019
-0.06519455462694168
-0.06876252591609955
-0.07333745807409286
-0.06984339654445648
-0.06919725239276886
-0.07243900001049042
-0.06658356636762619
-0.07313389331102371
-0.07249811291694641
-0.07522254437208176
-0.07134741544723511
-0.07444973289966583
-0.0688946545124054
-0.07383132725954056
-0.06761856377124786
-0.07912161946296692
-0.060645800083875656
-0.07003719359636307
-0.07228932529687881
-0.08021208643913269
-0.08095549046993256
-0.07498791068792343
-0.07564912736415863
-0.08227711170911789
-0.07656047493219376
-0.07780152559280396
-0.07966983318328857
-0.07667302340269089
-0.07205604016780853
-0.07131534814834595
-0.07406121492385864
-0.06627456098794937
-0.08930593729019165
-0.07640263438224792
-0.07652188837528229
-0.08030108362436295
-0.07605773210525513
-0.07254849374294281
-0.07596923410892487
-0.0696367546916008
-0.07344900071620941
-0.07952966541051865
-0.07178182899951935
-0.07218097895383835
-0.0885995626449585
-0.07069312781095505
-0.07707202434539795
-0.07972462475299835
-0.07824253290891647
-0.07908672839403152
-0.07552915066480637
-0.08370992541313171
-0.0824160948395729
-0.08136443793773651
-0.07730016112327576
-0.08011447638273239
-0.08042021095752716
-0.07124756276607513
-0.08544232696294785
-0.0866510197520256
-0.0803503543138504
-0.08192217350006104
-0.08354616910219193
-0.07731565833091736
-0.0828503966331482
-0.0775848999619484
-0.07498567551374435
-0.09296324104070663
-0.08220533281564713
-0.08124880492687225
-0.08663516491651535
-0.0821714848279953
-0.07811952382326126
-0.07983121275901794
-0.08519139140844345
-0.08159571886062622
-0.07349468022584915
-0.07696438580751419
-0.08494327962398529
-0.07949674874544144
-0.08644220232963562
-0.0864635705947876
-0.07763423025608063
-0.08121098577976227
-0.08683399111032486
-0.08389479666948318
-0.08363137394189835
-0.08066210150718689
-0.08182314038276672
-0.09094744920730591
-0.0803087130188942
-0.08609134703874588
-0.0740833505988121
-0.0765351951122284
-0.08932968229055405
-0.0909431204199791
-0.0777764841914177
-0.08025500923395157
-0.08316686749458313
-0.08969041705131531
-0.0872456282377243
-0.08301075547933578
-0.09195543080568314
-0.08534274995326996
-0.0805349349975586
-0.09523656219244003
-0.09108972549438477
-0.09090819209814072
-0.0869571790099144
-0.0857306569814682
-0.09001317620277405
-0.08697448670864105
-0.0924408882856369
-0.09161682426929474
-0.09484490752220154
-0.0891679897904396
-0.08882555365562439
-0.09385164827108383
-0.10532479733228683
-0.08010930567979813
-0.0948665514588356
-0.08381766825914383
-0.09704913944005966
-0.08943384885787964
-0.09776488691568375
-0.09620805829763412
-0.09886438399553299
-0.07825546711683273
-0.09075763076543808
-0.09459462761878967
-0.1022924929857254
-0.10603854805231094
-0.09771433472633362
-0.09692542999982834
-0.10446207225322723
-0.09922551363706589
-0.10474393516778946
-0.10456664115190506
-0.08846918493509293
-0.09830184280872345
-0.10271928459405899
-0.08923288434743881
-0.10639851540327072
-0.10738611966371536
-0.10090707242488861
-0.1077553778886795
-0.10173829644918442
-0.10112310200929642
-0.0992589145898819
-0.0993044301867485
-0.10135354846715927
-0.10438850522041321
-0.10372662544250488
-0.09575192630290985
-0.09752911329269409
-0.11108618974685669
-0.10713707655668259
-0.09859911352396011
-0.09216092526912689
-0.1052178144454956
-0.11362500488758087
-0.10408394038677216
-0.10787156969308853
-0.09839965403079987
-0.1090705618262291
-0.10182157158851624
-0.11013132333755493
-0.1093374490737915
-0.09150966256856918
-0.10314732044935226
-0.09546592831611633
-0.1013907641172409
-0.1061360314488411
-0.10573223978281021
-0.12206602841615677
-0.1123243197798729
-0.09894086420536041
-0.1124054491519928
-0.10940007120370865
-0.10651853680610657
-0.1092987060546875
-0.11896363645792007
-0.1019027829170227
-0.11256753653287888
-0.10634365677833557
-0.11054862290620804
-0.12585100531578064
-0.10798102617263794
-0.11571875214576721
-0.10775071382522583
-0.10671156644821167
-0.10923247784376144
-0.11099321395158768
-0.11823000013828278
-0.10435279458761215
-0.11684603989124298
-0.11092405021190643
-0.11598778516054153
-0.10537297278642654
-0.11137812584638596
-0.11184148490428925
-0.10289423167705536
-0.11581362038850784
-0.1164933294057846
-0.10606320202350616
-0.10606244951486588
-0.09852432459592819
-0.10871309041976929
-0.10775264352560043
-0.11464392393827438
-0.1002143919467926
-0.1121831089258194
-0.10130470246076584
-0.11061682552099228
-0.11398008465766907
-0.11225779354572296
-0.11693055182695389
-0.1204317957162857
-0.11087474226951599
-0.10629718750715256
-0.11571981757879257
-0.12666185200214386
-0.11887966096401215
-0.11246339231729507
-0.11660321056842804
-0.11789838969707489
-0.12529544532299042
-0.125732421875
-0.10723233968019485
-0.10911110788583755
-0.11737491935491562
-0.11613496392965317
-0.12035058438777924
-0.1247541606426239
-0.12209688127040863
-0.11805582046508789
-0.13012413680553436
-0.1310378611087799
-0.12801869213581085
-0.12131191045045853
-0.1252504587173462
-0.11744899302721024
-0.12417731434106827
-0.10160890966653824
-0.11692856252193451
-0.1404164582490921
-0.1274063140153885
-0.12680257856845856
-0.1190730407834053
-0.11528898030519485
-0.13477535545825958
-0.13502661883831024
-0.1278083473443985
-0.1294405460357666
-0.12457068264484406
-0.12253518402576447
-0.12416207790374756
-0.1363190859556198
-0.1337805986404419
-0.13467170298099518
-0.11933262646198273
-0.12527500092983246
-0.12924762070178986
-0.12395233660936356
-0.12738707661628723
-0.1200815811753273
-0.13140060007572174
-0.13598352670669556
-0.12785355746746063
-0.1222398579120636
-0.13625401258468628
-0.12860946357250214
-0.12765425443649292
-0.132266104221344
-0.1198510006070137
-0.1377243548631668
-0.1340460330247879
-0.1251293569803238
-0.12544769048690796
-0.12936748564243317
-0.12666520476341248
-0.13663773238658905
-0.12720037996768951
-0.12747426331043243
-0.13549166917800903
-0.12744870781898499
-0.14284615218639374
-0.14091303944587708
-0.1304667890071869
-0.14392828941345215
-0.13551990687847137
-0.14027632772922516
-0.13962556421756744
-0.1295817345380783
-0.13842403888702393
-0.13283200562000275
-0.1328643411397934
-0.12916584312915802
-0.15042319893836975
-0.1443922370672226
-0.13233783841133118
-0.1332617849111557
-0.1447027176618576
-0.14046229422092438
-0.12948769330978394
-0.1288653314113617
-0.15238364040851593
-0.1412518471479416
-0.14070533215999603
-0.15549899637699127
-0.15369698405265808
-0.1399153172969818
-0.15358063578605652
-0.13504044711589813
-0.1545516699552536
-0.13386087119579315
-0.15232668817043304
-0.14295656979084015
-0.155942901968956
-0.15070383250713348
-0.1565731018781662
-0.14229288697242737
-0.1621851921081543
-0.14331401884555817
-0.16104626655578613
-0.14760306477546692
-0.1537887156009674
-0.15989293158054352
-0.16261574625968933
-0.15092328190803528
-0.1484116017818451
-0.1484687477350235
-0.14922228455543518
-0.16960293054580688
-0.16979116201400757
-0.15415717661380768
-0.15536387264728546
-0.14662829041481018
-0.17033612728118896
-0.16538777947425842
-0.15459831058979034
-0.1561165153980255
-0.16910898685455322
-0.15428529679775238
-0.17446857690811157
-0.1672837734222412
-0.1748596876859665
-0.15799616277217865
-0.14553627371788025
-0.17505647242069244
-0.1457670032978058
-0.16066154837608337
-0.16898056864738464
-0.18022410571575165
-0.16101178526878357
-0.15827535092830658
-0.158326655626297
-0.1570354551076889
-0.1586058884859085
-0.17262151837348938
-0.1456492841243744
-0.1568889319896698
-0.16756530106067657
-0.16332191228866577
-0.16287434101104736
-0.17861968278884888
-0.15729187428951263
-0.1643112450838089
-0.192088782787323
-0.1751198023557663
-0.1636131852865219
-0.17482519149780273
-0.1582508385181427
-0.1606556475162506
-0.18565157055854797
-0.1669561117887497
-0.1707647442817688
-0.18344973027706146
-0.16818784177303314
-0.1683741956949234
-0.17466218769550323
-0.17420978844165802
-0.19292990863323212
-0.1730593591928482
-0.17228665947914124
-0.17898069322109222
-0.19711345434188843
-0.17646297812461853
-0.1870516836643219
-0.16495643556118011
-0.1860000193119049
-0.17506134510040283
-0.1792302429676056
-0.18003521859645844
-0.1801920384168625
-0.1797567754983902
-0.18427340686321259
-0.19104209542274475
-0.1877465695142746
-0.19760221242904663
-0.194697767496109
-0.18350528180599213
-0.17792050540447235
-0.18834049999713898
-0.1831565648317337
-0.17259466648101807
-0.18698430061340332
-0.18357935547828674
-0.19245591759681702
-0.17036211490631104
-0.185322567820549
-0.17480286955833435
-0.18725554645061493
-0.20660386979579926
-0.19996966421604156
-0.19002211093902588
-0.1890977919101715
-0.17427486181259155
-0.19136695563793182
-0.20211909711360931
-0.17308703064918518
-0.17627941071987152
-0.19542258977890015
-0.17874816060066223
-0.20404760539531708
-0.18618088960647583
-0.20138557255268097
-0.20663371682167053
-0.18051162362098694
-0.19298994541168213
-0.16639502346515656
-0.21104095876216888
-0.21500372886657715
-0.19946640729904175
-0.19959567487239838
-0.20220787823200226
-0.18761485815048218
-0.20976248383522034
-0.19694823026657104
-0.20193900167942047
-0.19496619701385498
-0.20408092439174652
-0.2060394138097763
-0.20262759923934937
-0.20693513751029968
-0.20884892344474792
-0.19873888790607452
-0.20194606482982635
-0.18891721963882446
-0.20209968090057373
-0.20481422543525696
-0.20304368436336517
-0.19110266864299774
-0.2030969262123108
-0.1835530400276184
-0.2124570906162262
-0.19547519087791443
-0.20398935675621033
-0.23842573165893555
-0.22691309452056885
-0.2235441356897354
-0.21260961890220642
-0.1975923478603363
-0.2199617326259613
-0.20753149688243866
-0.199431374669075
-0.21450816094875336
-0.22065140306949615
-0.19647429883480072
-0.22387343645095825
-0.21209149062633514
-0.2211180031299591
-0.22210903465747833
-0.20596444606781006
-0.21078155934810638
-0.21726301312446594
-0.2061704397201538
-0.21235276758670807
-0.23200154304504395
-0.22487404942512512
-0.22698788344860077
-0.22985796630382538
-0.21935050189495087
-0.21564354002475739
-0.2145375907421112
-0.21695508062839508
-0.2215140014886856
-0.2131667584180832
-0.23685285449028015
-0.22292903065681458
-0.21378065645694733
-0.23471033573150635
-0.22307749092578888
-0.23127786815166473
-0.23738518357276917
-0.22936579585075378
-0.2159930318593979
-0.23340174555778503
-0.2289043664932251
-0.23214931786060333
-0.2154398113489151
-0.2317819595336914
-0.22131706774234772
-0.2520759701728821
-0.23429307341575623
-0.21354550123214722
-0.22383177280426025
-0.23341073095798492
-0.21906931698322296
-0.2207532525062561
-0.22869206964969635
-0.23762670159339905
-0.24540860950946808
-0.22885893285274506
-0.23100776970386505
-0.22147656977176666
-0.21993964910507202
-0.24582050740718842
-0.25401246547698975
-0.22948841750621796
-0.22643521428108215
-0.23898836970329285
-0.2367151379585266
-0.24164843559265137
-0.224291130900383
-0.23781204223632812
-0.24085921049118042
-0.2412860244512558
-0.2398560792207718
-0.2177756130695343
-0.26114240288734436
-0.24891872704029083
-0.2359887659549713
-0.25037845969200134
-0.2360309511423111
-0.2355366051197052
-0.2409319132566452
-0.2524413466453552
-0.23619885742664337
-0.2332737147808075
-0.25730857253074646
-0.2616652548313141
-0.23811011016368866
-0.25517213344573975
-0.25145334005355835
-0.24173703789710999
-0.2516915500164032
-0.23477697372436523
-0.25134190917015076
-0.24100424349308014
-0.25792354345321655
-0.25717899203300476
-0.23913511633872986
-0.250522643327713
-0.2544800043106079
-0.2471838742494583
-0.2566530704498291
-0.2526925802230835
-0.24477045238018036
-0.2558917701244354
-0.24613822996616364
-0.27194011211395264
-0.2558019757270813
-0.253486305475235
-0.24683286249637604
-0.25930529832839966
-0.2323734164237976
-0.2639440596103668
-0.2543366551399231
-0.24165329337120056
-0.26210182905197144
-0.24206694960594177
-0.24440446496009827
-0.25547465682029724
-0.2455018013715744
-0.2578774690628052
-0.25492069125175476
-0.23031459748744965
-0.2596876919269562
-0.24715307354927063
-0.25907087326049805
-0.24268507957458496
-0.2475430816411972
-0.23809745907783508
-0.25032880902290344
-0.25723007321357727
-0.253489226102829
-0.2611425220966339
-0.2542875111103058
-0.267660528421402
-0.2612631022930145
-0.2484435737133026
-0.2672608494758606
-0.2554721534252167
-0.26244333386421204
-0.27515900135040283
-0.2692325711250305
-0.25756993889808655
-0.2460048794746399
-0.2511928379535675
-0.26445311307907104
-0.2754770517349243
-0.27824559807777405
-0.2531798481941223
-0.26332753896713257
-0.2702823281288147
-0.2686009705066681
-0.2676634192466736
-0.2693086564540863
-0.27320927381515503
-0.26630693674087524
-0.2867211699485779
-0.27170735597610474
-0.2715819180011749
-0.2874249219894409
-0.2624392807483673
-0.2797246277332306
-0.2830994725227356
-0.27307888865470886
-0.2759239673614502
-0.2691906690597534
-0.2860725224018097
-0.26967981457710266
-0.2641155421733856
-0.261750727891922
-0.2598598003387451
-0.27749064564704895
-0.2559254467487335
-0.2836824655532837
-0.2650810182094574
-0.2602725327014923
-0.26202255487442017
-0.27961277961730957
-0.2871229648590088
-0.2745402455329895
-0.26387834548950195
-0.2783868908882141
-0.29063257575035095
-0.2614445984363556
-0.26073363423347473
-0.27231931686401367
-0.2750628590583801
-0.2827560603618622
-0.2666265368461609
-0.2754170596599579
-0.28118300437927246
-0.2864580452442169
-0.2823757231235504
-0.2863692343235016
-0.2710479199886322
-0.2677287757396698
-0.2926846444606781
-0.2784464657306671
-0.315973162651062
-0.2826593816280365
-0.28017619252204895
-0.2760707437992096
-0.2894614040851593
-0.2916249930858612
-0.2880331873893738
-0.28378280997276306
-0.28460633754730225
-0.27799633145332336
-0.2843479514122009
-0.2867986559867859
-0.2900387942790985
-0.2972888946533203
-0.29647988080978394
-0.2892676591873169
-0.2892424762248993
-0.29668551683425903
-0.288872629404068
-0.27337485551834106
-0.274574339389801
-0.2812819480895996
-0.2872563600540161
-0.28543391823768616
-0.2873593866825104
-0.280423641204834
-0.28670942783355713
-0.28595179319381714
-0.2677181363105774
-0.30270591378211975
-0.3011440634727478
-0.3035779595375061
-0.28741976618766785
-0.2883225679397583
-0.29784050583839417
-0.2909167408943176
-0.2838697135448456
-0.28211116790771484
-0.2903178632259369
-0.28207799792289734
-0.2891094982624054
-0.306979775428772
-0.3193533718585968
-0.30288371443748474
-0.27971792221069336
-0.29601073265075684
-0.3009849786758423
-0.3003341555595398
-0.3004913032054901
-0.2974993884563446
-0.2971503436565399
-0.30118662118911743
-0.2871023118495941
-0.2923531234264374
-0.29250624775886536
-0.2911189794540405
-0.2837638258934021
-0.2906206548213959
-0.2920253872871399
-0.3027406334877014
-0.3015120029449463
-0.2959633767604828
-0.32096102833747864
-0.2980148494243622
-0.2972719073295593
-0.29922905564308167
-0.297094464302063
-0.2949851453304291
-0.29317304491996765
-0.3059137165546417
-0.3044225871562958
-0.3039846122264862
-0.3053990304470062
-0.3114391267299652
-0.29714882373809814
-0.2854800224304199
-0.30211713910102844
-0.29338380694389343
-0.29597732424736023
-0.30748841166496277
-0.29408106207847595
-0.3209061026573181
-0.31113186478614807
-0.3113083839416504
-0.3193831145763397
-0.3050455152988434
-0.30003756284713745
-0.31210756301879883
-0.297940731048584
-0.2987669110298157
-0.3098374605178833
-0.3060995638370514
-0.2994561493396759
-0.3192436397075653
-0.33161309361457825
-0.31294238567352295
-0.3182179033756256
-0.3133709728717804
-0.30587226152420044
-0.3283461332321167
-0.3111304044723511
-0.31364017724990845
-0.3239095211029053
-0.3076837658882141
-0.3247595429420471
-0.31447771191596985
-0.2891804277896881
-0.3226519525051117
-0.3153572082519531
-0.3090767562389374
-0.3249092102050781
-0.3137374520301819
-0.3023672103881836
-0.328504741191864
-0.31874969601631165
-0.33069032430648804
-0.3073970675468445
-0.3036002814769745
-0.31985461711883545
-0.33263731002807617
-0.31284505128860474
-0.31533756852149963
-0.31872811913490295
-0.3187773525714874
-0.29739388823509216
-0.31700244545936584
-0.3150303363800049
-0.3178853392601013
-0.3102529048919678
-0.31357112526893616
-0.30510714650154114
-0.3249409794807434
-0.32125166058540344
-0.32677286863327026
-0.31406691670417786
-0.3367457091808319
-0.3234542906284332
-0.30370283126831055
-0.32699522376060486
-0.3207082152366638
-0.32875120639801025
-0.315081387758255
-0.32020512223243713
-0.3226606249809265
-0.3250176012516022
-0.33005768060684204
-0.32091546058654785
-0.32590213418006897
-0.32827985286712646
-0.31687411665916443
-0.32059967517852783
-0.31737685203552246
-0.3084520101547241
-0.32667720317840576
-0.31611204147338867
-0.32061344385147095
-0.31958696246147156
-0.31437158584594727
-0.3243328928947449
-0.32421040534973145
-0.3298754096031189
-0.33707261085510254
-0.3203313648700714
-0.33648812770843506
-0.33311882615089417
-0.33920809626579285
-0.3246226906776428
-0.3212621808052063
-0.32395434379577637
-0.3389180600643158
-0.3315070867538452
-0.31501615047454834
-0.34243708848953247
-0.33631861209869385
-0.3257083296775818
-0.3289221227169037
-0.3250432312488556
-0.33615317940711975
-0.33622682094573975
-0.33810436725616455
-0.3253692388534546
-0.3352481722831726
-0.3270478844642639
-0.33518633246421814
-0.3362668454647064
-0.33172914385795593
-0.34104496240615845
-0.32544615864753723
-0.3295828104019165
-0.34560394287109375
-0.3386445641517639
-0.3423437774181366
-0.3231202960014343
-0.3398701548576355
-0.32444140315055847
-0.34468892216682434
-0.35346105694770813
-0.34201672673225403
-0.3323614001274109
-0.3239278793334961
-0.3326965570449829
-0.3515092730522156
-0.3361571133136749
-0.3324281573295593
-0.33626919984817505
-0.33172687888145447
-0.3329448699951172
-0.3365989327430725
-0.3426007330417633
-0.3413052558898926
-0.33303582668304443
-0.33784574270248413
-0.33017924427986145
-0.33542904257774353
-0.349624902009964
-0.3386830985546112
-0.3413905203342438
-0.34562426805496216
-0.3587477207183838
-0.3420981764793396
-0.3519960343837738
-0.3304154872894287
-0.33868247270584106
-0.3539432883262634
-0.33253246545791626
-0.35228925943374634
-0.3356364667415619
-0.32375362515449524
-0.3430524170398712
-0.3454776108264923
-0.33811846375465393
-0.3360675871372223
-0.3581990599632263
-0.3357771039009094
-0.3479870557785034
-0.354423850774765
-0.3400559723377228
-0.3446430563926697
-0.33280450105667114
-0.3566632568836212
-0.351781964302063
-0.3488939702510834
-0.3518948554992676
-0.3538089990615845
-0.3548048436641693
-0.3537192642688751
-0.3564901649951935
-0.34059178829193115
-0.3605071008205414
-0.35836267471313477
-0.3407464027404785
-0.3491777181625366
-0.3562265634536743
-0.348457008600235
-0.3382106125354767
-0.36224591732025146
-0.34550654888153076
-0.35664549469947815
-0.34802311658859253
-0.3422164022922516
-0.3602715730667114
-0.35939252376556396
-0.3528521656990051
-0.34850218892097473
-0.3494299352169037
-0.3735215365886688
-0.3495805561542511
-0.3504312336444855
-0.3481709063053131
-0.3612018823623657
-0.35175806283950806
-0.37619465589523315
-0.3693632185459137
-0.3488563299179077
-0.3542625904083252
-0.3459661602973938
-0.3399101495742798
-0.3533376455307007
-0.34544989466667175
-0.3708331286907196
-0.36095404624938965
-0.3557848036289215
-0.3660506308078766
-0.35023432970046997
-0.36821189522743225
-0.34910863637924194
-0.3652052581310272
-0.36013227701187134
-0.3720146417617798
-0.35103854537010193
-0.3604944348335266
-0.35089945793151855
-0.3526759147644043
-0.34981849789619446
-0.361549973487854
-0.36138564348220825
-0.37658578157424927
-0.34855496883392334
-0.3557603061199188
-0.3526419699192047
-0.3787713944911957
-0.35370033979415894
-0.3596932291984558
-0.3768646717071533
-0.36475497484207153
-0.35036301612854004
-0.37924784421920776
-0.3513171076774597
-0.36583688855171204
-0.36712080240249634
-0.35898327827453613
-0.35668978095054626
-0.3581323027610779
-0.37324467301368713
-0.35897818207740784
-0.3598276674747467
-0.3581322133541107
-0.3787477910518646
-0.35624751448631287
-0.35752052068710327
-0.36689087748527527
-0.3734295964241028
-0.37067216634750366
-0.371716171503067
-0.36354565620422363
-0.35860908031463623
-0.3465730845928192
-0.3580775558948517
-0.37480589747428894
-0.3518633544445038
-0.3637867271900177
-0.3746297061443329
-0.35980895161628723
-0.35324227809906006
-0.3709922730922699
-0.36966440081596375
-0.37702062726020813
-0.3721192181110382
