3.063946451220545e-06
1.051624167303089e-06
2.507473197965737e-07
3.1380702694150386e-06
4.535511834546924e-06
5.621078344120178e-06
1.4158645171846729e-06
1.049549609888345e-06
9.9001454145764e-06
2.3150380457082065e-06
6.642996481787122e-07
2.7137227789353346e-06
1.8514458588470006e-06
2.918809741458972e-06
2.0181389572826447e-06
1.5848395378270652e-06
3.0443161449511535e-06
4.63706646769424e-06
6.650449449807638e-06
1.6168801266758237e-06
1.9555454855435528e-06
1.4750701211596606e-06
9.397058988724893e-07
1.1968763828917872e-06
8.250260634667939e-07
2.9098500817781314e-06
1.8778523553919513e-06
3.1023687370179687e-06
3.0486010018648813e-06
2.7771918666985584e-06
2.7880466859642183e-06
2.1997070689394604e-06
1.4615156942454632e-06
2.481971023371443e-06
1.507482352280931e-06
2.4480800675519276e-06
2.989444283230114e-06
6.584025413758354e-06
5.0788175940397196e-06
1.67767905168148e-06
2.733356723183533e-06
2.129209633494611e-06
1.3930844033893663e-06
1.6655503713991493e-06
1.4297105735749938e-05
2.2995648123469437e-06
2.6083239390573e-06
2.7576006687013432e-06
1.3338050166566973e-06
3.6664737308456097e-06
3.0614755814895034e-06
8.353624252777081e-06
2.104524583046441e-06
1.6929101320783957e-06
2.1447826838993933e-06
3.1243739613273647e-06
3.8259422581177205e-06
2.511400680305087e-06
2.193101636294159e-06
3.833530627161963e-06
5.55619635633775e-06
3.0677124414069112e-06
3.4874242373916786e-06
6.406525244528893e-06
3.1567913083563326e-06
2.888529479605495e-06
3.3405478916392894e-06
4.183085366094019e-06
6.042271706974134e-06
4.982481186743826e-06
7.933099368528929e-06
3.095861075053108e-06
4.79565733257914e-06
3.2103018838824937e-06
6.0775842030125204e-06
4.054380951856729e-06
4.593712219502777e-06
5.3655708143196534e-06
1.0630962606228422e-05
6.6374632297083735e-06
4.333036940806778e-06
6.497205959021812e-06
6.010978722770233e-06
4.905005880573299e-06
7.2381112659059e-06
3.3081248602684354e-06
5.532408522412879e-06
7.015248684183462e-06
7.52977166484925e-06
7.384152013401035e-06
7.68464906286681e-06
3.4795832561940188e-06
4.180395990260877e-06
6.792177373426966e-06
5.414096904132748e-06
6.528437552333344e-06
5.940649771218887e-06
1.279298430745257e-05
5.701166173821548e-06
1.2827689715777524e-05
8.725461157155223e-06
7.134439783840207e-06
9.604511433281004e-06
1.573101690155454e-05
6.559978373843478e-06
6.994909199420363e-06
1.3802954526909161e-05
9.186297575070057e-06
7.083181117195636e-06
6.967751687625423e-06
1.4767126231163274e-05
8.18202352093067e-06
8.897893167159054e-06
6.817169378336985e-06
7.06912214809563e-06
8.676659490447491e-06
1.5315199561882764e-05
1.279451225855155e-05
1.1033341252186801e-05
7.854619980207644e-06
8.209111001633573e-06
1.2005682037852239e-05
9.392796528118197e-06
1.0536649824643973e-05
6.822216164437123e-06
1.441279164282605e-05
9.775564649316948e-06
1.216784949065186e-05
1.0890352314163465e-05
1.4552485481544863e-05
1.4959581676521339e-05
2.0944999050698243e-05
1.7122039935202338e-05
9.01170278666541e-06
1.5367262676591054e-05
8.60214186104713e-06
7.940448085719254e-06
1.2378061001072638e-05
1.2573088497447316e-05
1.627906931389589e-05
1.0342421774112154e-05
2.0734982172143646e-05
1.2412983778631315e-05
1.8498802091926336e-05
9.786540431377944e-06
1.6519476048415527e-05
1.3903501894674264e-05
1.188144142361125e-05
1.6390453311032616e-05
1.9901379346265458e-05
1.163787874247646e-05
1.17571698865504e-05
1.5367088053608313e-05
1.3953185771242715e-05
1.4433540854952298e-05
1.777091165422462e-05
1.8876058675232343e-05
1.4963805369916372e-05
1.5816713130334392e-05
1.9605937268352136e-05
1.4545567864843179e-05
1.4181375263433438e-05
1.9635797798400745e-05
2.0939507521688938e-05
2.3369530026684515e-05
1.3862857485946734e-05
1.5101107237569522e-05
1.8016666217590682e-05
1.3293651136336848e-05
2.148495514120441e-05
1.3653375390276778e-05
1.7351068891002797e-05
1.1677580914692953e-05
1.5519883163506165e-05
1.609290666237939e-05
2.3117861928767525e-05
1.7689442756818607e-05
1.9758110283873975e-05
1.7748650861904025e-05
1.7824639144237153e-05
1.877255090221297e-05
1.403880105499411e-05
2.367273555137217e-05
2.3574042643303983e-05
1.97638164536329e-05
1.7397878764313646e-05
1.5975172573234886e-05
1.1970870218647178e-05
1.8330136299482547e-05
2.0826370018767193e-05
1.758992948452942e-05
1.7946254956768826e-05
2.63722595263971e-05
1.4614034625992645e-05
2.491304803697858e-05
1.781787068466656e-05
2.1850552002433687e-05
2.4774184566922486e-05
2.2111176804173738e-05
1.906321085698437e-05
1.8347129298490472e-05
2.317811595275998e-05
1.5653162336093374e-05
2.3251122911460698e-05
2.0281795514165424e-05
2.819785731844604e-05
3.352115163579583e-05
4.32551751146093e-05
1.9143864847137593e-05
1.921850343933329e-05
2.1242292859824374e-05
2.6001540391007438e-05
4.7065324906725436e-05
1.88029862329131e-05
2.4442648282274604e-05
1.866517777671106e-05
1.7016696801874787e-05
2.4281696823891252e-05
2.066362321784254e-05
2.95391528197797e-05
2.1331839889171533e-05
2.5328849005745724e-05
2.077047247439623e-05
2.2167572751641273e-05
2.4207751266658306e-05
2.910484363383148e-05
2.255168692499865e-05
2.7488522391649894e-05
2.1264982933644205e-05
2.7540078008314595e-05
2.3166005121311173e-05
2.912815398303792e-05
2.641551873239223e-05
2.0221688828314655e-05
2.8967535399715416e-05
4.992311369278468e-05
3.5716577258426696e-05
3.264806582592428e-05
3.324869248899631e-05
2.9738286684732884e-05
3.427959745749831e-05
3.8329297240125015e-05
3.003164238180034e-05
2.9398619517451152e-05
3.2550044124946e-05
3.009113424923271e-05
3.3434909710194916e-05
2.4877524992916733e-05
4.104737672605552e-05
3.398987610125914e-05
4.408900349517353e-05
3.502003528410569e-05
3.8451460568467155e-05
2.7910386052099057e-05
3.419404674787074e-05
2.906057306972798e-05
3.5972949262941256e-05
3.543149432516657e-05
3.645222750492394e-05
3.487657886580564e-05
3.8124439015518874e-05
3.322033808217384e-05
2.960381971206516e-05
3.617246329667978e-05
4.390936010167934e-05
4.815420106751844e-05
3.5423829103820026e-05
2.6264282496413216e-05
3.8250655052252114e-05
4.793606422026642e-05
3.748560629901476e-05
3.173764343955554e-05
4.3251278839306906e-05
4.825089854421094e-05
4.4445441744755954e-05
3.174328230670653e-05
3.8246449548751116e-05
4.020908090751618e-05
3.977903179475106e-05
4.2271898564649746e-05
3.64649276889395e-05
4.440987322595902e-05
3.564944563549943e-05
4.1777970182010904e-05
3.0056478863116354e-05
3.20163308060728e-05
5.982835864415392e-05
3.347864549141377e-05
3.215414471924305e-05
5.022042023483664e-05
5.801647057523951e-05
3.5260287404526025e-05
3.877120980178006e-05
4.572419129544869e-05
4.076694676768966e-05
4.0615796024212614e-05
3.729389572981745e-05
3.2858220947673544e-05
2.657084769452922e-05
3.548351378412917e-05
5.213822441874072e-05
4.100770820514299e-05
4.4495925976661965e-05
3.503947300487198e-05
4.95540771225933e-05
4.974954936187714e-05
4.650242772186175e-05
6.964939530007541e-05
3.48567555192858e-05
3.73352158931084e-05
3.974222272518091e-05
5.362679439713247e-05
3.638855923782103e-05
5.7774403103394434e-05
3.986384399468079e-05
6.887702329549938e-05
4.3369425839046016e-05
6.0522943385876715e-05
3.947114237234928e-05
4.2155214032391086e-05
5.580987999564968e-05
7.111695595085621e-05
6.378241960192099e-05
5.193336255615577e-05
3.355193985044025e-05
4.348257425590418e-05
7.880193152232096e-05
4.1721414163475856e-05
5.405864794738591e-05
3.625576937338337e-05
5.636960850097239e-05
6.551964906975627e-05
3.9886093873064965e-05
5.0267881306353956e-05
5.86837122682482e-05
4.343307591625489e-05
4.7380341129610315e-05
5.295423761708662e-05
6.104094791226089e-05
5.150412835064344e-05
6.21722501819022e-05
5.8626166719477624e-05
5.91500720474869e-05
4.8408157454105094e-05
5.156285988050513e-05
4.494022869039327e-05
4.4903557864017785e-05
4.1875853639794514e-05
6.259288056753576e-05
4.496877591009252e-05
4.476810499909334e-05
5.503116699401289e-05
6.342395499814302e-05
5.960120688541792e-05
4.631948104361072e-05
5.489748946274631e-05
6.027892595739104e-05
5.47412273590453e-05
6.246590055525303e-05
6.247826240723953e-05
5.7786208344623446e-05
5.610561493085697e-05
3.605575693654828e-05
5.506594607140869e-05
5.706705269403756e-05
4.9506761570228264e-05
3.9411301258951426e-05
4.965404878021218e-05
4.8952610086416826e-05
5.185446570976637e-05
4.5789471187163144e-05
5.136229083291255e-05
5.5043870816007257e-05
5.796620462206192e-05
4.870180782745592e-05
7.339902367675677e-05
7.912538421805948e-05
5.96363861404825e-05
4.8439927923027426e-05
6.84070837451145e-05
6.793158536311239e-05
8.183130557881668e-05
5.9040889027528465e-05
6.118323653936386e-05
4.645149238058366e-05
5.8258712670067325e-05
5.727902316721156e-05
7.475313759641722e-05
5.79800944251474e-05
7.98410183051601e-05
5.239822348812595e-05
6.007782940287143e-05
8.4475934272632e-05
6.184024823596701e-05
5.955525557510555e-05
5.4956861276878044e-05
7.793322583893314e-05
8.023199916351587e-05
6.630965071963146e-05
8.802114462014288e-05
4.707687912741676e-05
5.726108429371379e-05
6.540517642861232e-05
6.958928861422464e-05
6.0494061472127214e-05
5.26523326698225e-05
6.160711927805096e-05
6.635494355577976e-05
7.055969763314351e-05
6.723327533109114e-05
4.387000808492303e-05
5.856787538505159e-05
0.00013952728477306664
6.057066275388934e-05
5.407160278991796e-05
7.64372744015418e-05
5.736360981245525e-05
5.6457767641404644e-05
7.436025771312416e-05
5.948883335804567e-05
6.573798600584269e-05
9.129666432272643e-05
5.8716668718261644e-05
5.209716618992388e-05
6.446279439842328e-05
5.083986616227776e-05
6.187934923218563e-05
7.40692630643025e-05
7.864153303671628e-05
6.334538920782506e-05
5.7080564147327095e-05
6.658068741671741e-05
6.810668128309771e-05
7.647673919564113e-05
5.872190376976505e-05
4.570704550133087e-05
6.54416871839203e-05
7.024296064628288e-05
5.789758142782375e-05
5.233030242379755e-05
6.453593232436106e-05
9.195942402584478e-05
6.786899757571518e-05
6.390541238943115e-05
6.774180656066164e-05
9.489683725405484e-05
6.827453034929931e-05
7.738337444607168e-05
8.844034164212644e-05
5.528192923520692e-05
7.32391417841427e-05
7.814458513166755e-05
6.996362935751677e-05
7.531380106229335e-05
6.39001518720761e-05
6.406863394659013e-05
5.389405123423785e-05
7.336939597735181e-05
9.226288966601714e-05
8.869562589097768e-05
0.00010067287075798959
6.392843351932243e-05
6.399181438609958e-05
6.45961772534065e-05
7.729556818958372e-05
7.679853297304362e-05
5.978382614557631e-05
7.375845598289743e-05
8.160756988218054e-05
6.52332091704011e-05
0.00010067263792734593
9.450146171730012e-05
7.167143485276029e-05
9.837741527007893e-05
0.00010147946886718273
9.165376104647294e-05
6.355650839395821e-05
8.315173909068108e-05
8.089400944299996e-05
5.860308010596782e-05
7.601601100759581e-05
7.034275040496141e-05
8.30340213724412e-05
8.024242561077699e-05
7.538180216215551e-05
0.00010607443255139515
0.00010642004053806886
7.539016951341182e-05
8.476034417981282e-05
7.405086216749623e-05
7.330591324716806e-05
6.71483066980727e-05
9.202855289913714e-05
9.517223224975169e-05
6.037789353285916e-05
7.47032172512263e-05
7.266874308697879e-05
0.00010596100037219003
0.00011177852866239846
8.355666068382561e-05
7.891629502410069e-05
7.403233030345291e-05
8.801287185633555e-05
0.00011903043923666701
0.00010376352292951196
9.657117334427312e-05
0.00012562437041196972
0.00013488071272149682
8.702048944542184e-05
0.00011054298374801874
6.739672244293615e-05
7.43931086617522e-05
7.20378739060834e-05
8.411896851612255e-05
7.472005381714553e-05
0.00010316041152691469
0.00012737387442030013
0.00010339696746086702
9.968302765628323e-05
9.074994886759669e-05
9.012394730234519e-05
0.00010379030572948977
9.697178029455245e-05
8.620312291895971e-05
9.001325815916061e-05
7.063024531817064e-05
9.348150342702866e-05
7.847788947401568e-05
0.00010105282126460224
9.027796477312222e-05
9.856763062998652e-05
6.42832019366324e-05
8.597578562330455e-05
8.951255585998297e-05
7.415559230139479e-05
9.821532876230776e-05
9.22631224966608e-05
8.628047362435609e-05
8.639358566142619e-05
0.00011184973118361086
9.877941920422018e-05
8.585234172642231e-05
7.665595330763608e-05
7.327552884817123e-05
8.723717473912984e-05
9.928494546329603e-05
8.996458200272173e-05
0.00010239105176879093
0.00011299250036245212
7.983371324371547e-05
0.00010891916463151574
0.00012120109749957919
8.617343701189384e-05
9.976041474146768e-05
9.540812607156113e-05
0.00013919390039518476
9.615327144274488e-05
0.00011765041563194245
0.00011914538481505588
8.086669549811631e-05
8.26416362542659e-05
0.00013894526637159288
0.00011101635755039752
0.00011509210162330419
0.00011675895075313747
0.00013005183427594602
8.793699089437723e-05
0.0001006967868306674
9.517621219856665e-05
0.0001572248584125191
9.194931044476107e-05
9.058555588126183e-05
0.0001294884132221341
0.0001279194839298725
0.00011593188537517563
0.00010373185068601742
0.00011630539665929973
0.00014182936865836382
0.00012402435822878033
9.212421718984842e-05
0.00011399376671761274
8.11089703347534e-05
0.0001044881937559694
9.318708180217072e-05
0.00010654436482582241
8.093321230262518e-05
0.00011240023013669997
9.800084808375686e-05
0.00013441286864690483
9.693823812995106e-05
0.0001088193166651763
0.0001301048177992925
0.0001175362485810183
0.00012808605970349163
0.00012135885481256992
0.0001246949686901644
0.0001224687584908679
0.0001633138017496094
0.0001467263646190986
0.0001489727437729016
0.00010016295709647238
0.0001610833132872358
8.324657392222434e-05
0.00011982685828115791
0.0001098862339858897
0.0001320499141002074
9.894328832160681e-05
8.697401790414006e-05
0.000100840930826962
0.00014928163727745414
9.914135443978012e-05
0.0001499704085290432
0.00014315638691186905
0.00011699094466166571
0.00011232402903260663
0.00011758881009882316
0.00012712643365375698
0.0001348720834357664
0.00012749356392305344
9.416989632882178e-05
0.0001614086068002507
0.00015543558401986957
0.00011703178461175412
0.00012217016774229705
0.00014175259275361896
0.0001412313722539693
0.00010779556760098785
0.00013103734818287194
0.00010731238580774516
0.00011765438102884218
0.00017064579878933728
9.544067142996937e-05
0.00013130414299666882
9.255603072233498e-05
0.00011009113950422034
0.00013171117461752146
0.00014159854617901146
0.00016620058158878237
0.00012809729378204793
0.00010628780000843108
0.00011223016190342605
0.00014604265743400902
0.0001271548680961132
0.00012439690181054175
0.00019656552467495203
0.0001066064796759747
0.0001589387538842857
0.00011442539835115895
0.00013008207315579057
0.00011840742808999494
0.00010509684943826869
0.00015062291640788317
0.00012360920663923025
0.00013877377205062658
0.00015037764387670904
0.00010453236609464511
0.00010334271064493805
0.00012829317711293697
0.00011885430285474285
0.00012054175022058189
0.00013453954306896776
0.00011458703374955803
0.00020251971727702767
0.00016692276403773576
0.00013015291187912226
0.00014683807967230678
0.00013372208923101425
0.00014543317956849933
0.00012019100540783256
0.00011977807298535481
0.0001422590867150575
0.0002003935951506719
0.00017533422214910388
0.00011684001219691709
0.00015141582116484642
0.0001132805336965248
0.00011330113920848817
0.00014919329260010272
0.00011255542631261051
0.00017796410247683525
0.00016062638314906508
0.00012993041309528053
0.0001499912905273959
0.00013072468573227525
0.00011365936370566487
0.00011067798914154992
0.00017143876175396144
0.0001828454405767843
0.00013470470730680972
0.00014368482516147196
0.00013822573237121105
0.0001422209752490744
0.00014248154184315354
0.00012546467769425362
0.00016263881116174161
0.00014429830480366945
0.00016184909327421337
0.00011542165884748101
0.00013461930211633444
0.0001413597201462835
0.0001958249631570652
0.00013923826918471605
0.00016146486450452358
0.0001831293193390593
0.00013506892719306052
0.00014840530639048666
0.0001471376308472827
0.0001259537530131638
0.00015357545635197312
9.669551945989951e-05
0.00014079833636060357
0.00015595082368236035
0.00014230978558771312
0.00018910061044152826
0.0001100330482586287
0.00011062089470215142
0.00012341000547166914
0.000143766199471429
0.00017842117813415825
0.00016216689255088568
0.00016340189904440194
0.00014811322034802288
0.00015373958740383387
0.00012533040717244148
0.00013235656660981476
0.0001685234165051952
0.00015955262642819434
0.0001230808993568644
0.00019512471044436097
0.00018319845548830926
0.00013415730791166425
0.00014872966858092695
0.0001528732682345435
0.00012563263589981943
0.00016964813403319567
0.0001596432557562366
0.00020006058912258595
0.00015325454296544194
0.00015256642655003816
0.00017191926599480212
0.00012550140672829002
0.00016698084073141217
0.00013165370910428464
0.00013521082291845232
0.00014753681898582727
0.00013297800614964217
0.0002000694366870448
0.00023252620303537697
0.0001808362576412037
0.00016965992108453065
0.00012776427320204675
0.00014749304682482034
0.00018668771372176707
0.00016177317593246698
0.00018223300867248327
0.0001544850820209831
0.00013759525609202683
0.00014294375432655215
0.0001705474714981392
0.00014847038255538791
0.00012319015513639897
0.0001669347402639687
0.00012985072680749
0.00014054849452804774
0.00021816400112584233
0.00019001352484337986
0.00013740344729740173
0.0001768196962075308
0.00019860912289004773
0.00018302844546269625
0.0001683466980466619
0.00016663051792420447
0.00011212330718990415
0.00015737354988232255
0.00020558733376674354
0.00022636791982222348
0.00020014605252072215
0.0001264746388187632
0.00012394537043292075
0.0002388883294770494
0.00016601153765805066
0.0001742961903801188
0.0001170998511952348
0.00014606871991418302
0.00014551039203070104
0.00020942538685631007
0.0002090718044200912
0.0001819275930756703
0.00022831797832623124
0.0001543261605547741
0.00013250953634269536
0.00019850554235745221
0.00017502244736533612
0.0002117548865498975
0.00015189682017080486
0.00011667305807350203
0.00016953273734543473
0.00014557076792698354
0.000228455537580885
0.0001390075049130246
0.0001930425496539101
0.00018715098849497736
0.0002551138459239155
0.00016614794731140137
0.00019404075283091515
0.00019413779955357313
0.00015164908836595714
0.0002240294561488554
0.00016845812206156552
0.00014583645679522306
0.00022325589088723063
0.00016149367729667574
0.0002054784563370049
0.0002109410270350054
0.00021681596990674734
0.00017821161600295454
0.00024384913558606058
0.00017507324810139835
0.0002029409952228889
0.00017261134053114802
0.00019602432439569384
0.0002117772091878578
0.00019881592015735805
0.0001708024210529402
0.0002198842412326485
0.00021450874919537455
0.0001814304559957236
0.00017562118591740727
0.0002152878587367013
0.00018656942120287567
0.00016026590310502797
0.00016969737771432847
0.0001630895712878555
0.0002409993758192286
0.00023194668756332248
0.00024287703854497522
0.00030483692535199225
0.0002501097915228456
0.0002201933675678447
0.00022941398492548615
0.00024117363500408828
0.00015030444774311036
0.00020594519446603954
0.00018158355669584125
0.00019218861416447908
0.0002258611493743956
0.00022481789346784353
0.00018702904344536364
0.00017643230967223644
0.00020423113892320544
0.00021100473531987518
0.00021472353546414524
0.00020315837173257023
0.0002460000105202198
0.00015542926848866045
0.0001538492360850796
0.00018093785911332816
0.00022497205645777285
0.00023958335805218667
0.00026810960844159126
0.0003073725674767047
0.0002219331217929721
0.00017188194033224136
0.0001899370108731091
0.00022508023539558053
0.00025264598662033677
0.00024383384152315557
0.00024005341401789337
0.00019030910334549844
0.00020413448510225862
0.00018040984286926687
0.00023897489882074296
0.00018666445976123214
0.00025332815130241215
0.00022221961989998817
0.00017506748554296792
0.00024376441433560103
0.0002463240525685251
0.0002752969157882035
0.00019845190399792045
0.00019349540525581688
0.0002371855080127716
0.0002228771772934124
0.00024890864733606577
0.0002255514555145055
0.0001961696398211643
0.0002499148540664464
0.00020261375175323337
0.00028447789372876287
0.0002633826225064695
0.0002021640248131007
0.0002525343734305352
0.00020520627731457353
0.0002530832716729492
0.00025898159947246313
0.00026478403015062213
0.00027167078224010766
0.00023353873984888196
0.00022996848565526307
0.00021801862749271095
0.0002471797924954444
0.00022667963639833033
0.0003025381010957062
0.00023674167459830642
0.00027136298012919724
0.00016721479187253863
0.0002022637490881607
0.00022408933728002012
0.0002218634181190282
0.00023401038197334856
0.0001927716366481036
0.00028602362726815045
0.0002366095723118633
0.00022265930601861328
0.00019716737733688205
0.0003115544095635414
0.00026810416602529585
0.0002888198068831116
0.00023883249377831817
0.00022497519967146218
0.00031457573641091585
0.00022292374342214316
0.00022488570539280772
0.00027094586403109133
0.00029927981086075306
0.0003125618677586317
0.00030076439725235105
0.00024558036238886416
0.0002603878965601325
0.0003059545415453613
0.00025731080677360296
0.0002427994622848928
0.00023838193737901747
0.0002936090750154108
0.00019286229507997632
0.0002617384016048163
0.00026654399698600173
0.00022703342256136239
0.00019407484796829522
0.0002652351395227015
0.00026813801378011703
0.0003126605006400496
0.0002475031651556492
0.00023045284615363926
0.0002757829788606614
0.00025864611961878836
0.00018690514843910933
0.0002345091343158856
0.00030419928953051567
0.0002468714374117553
0.0002778682392090559
0.00023540682741440833
0.0002961340360343456
0.00024639468756504357
0.0002598005812615156
0.00024262021179310977
0.0002988513733725995
0.00030673426226712763
0.00017420087533537298
0.0002629293594509363
0.0002085426531266421
0.0002877078950405121
0.00027440418489277363
0.0002493387146387249
0.0003455730911809951
0.00040922273183241487
0.0002498664543963969
0.00018662732327356935
0.0002520533453207463
0.00026497471844777465
0.00026594792143441737
0.00023111487098503858
0.0002522969734854996
0.0002478378009982407
0.00026011228328570724
0.00029810419073328376
0.0002034569188253954
0.00025456133880652487
0.0003005242033395916
0.00023478633374907076
0.0002901023253798485
0.00030697250622324646
0.00028083441429771483
0.00027230673003941774
0.00024145384668372571
0.00030633353162556887
0.00027614241116680205
0.0002687987871468067
0.000346842163708061
0.00021203971118666232
0.00027823811979033053
0.0002079136756947264
0.000311084819259122
0.0003644767275545746
0.0002866604772862047
0.00024966857745312154
0.0002961462887469679
0.00038456314359791577
0.0002595645491965115
0.00021471583750098944
0.00029512401670217514
0.00024411370395682752
0.0003631844592746347
0.00028669286984950304
0.000266270391875878
0.00027390909963287413
0.0003508361987769604
0.00019010405230801553
0.00026909829466603696
0.00020643962488975376
0.00025947936228476465
0.0003020749718416482
0.00023791588318999857
0.00021557087893597782
0.0002738107868935913
0.00019649413297884166
0.00028599961660802364
0.00025657250080257654
0.0003568912507034838
0.00023914847406558692
0.0002847165451385081
0.00038635043893009424
0.00042971523362211883
0.00027035086532123387
0.00033804826671257615
0.00032524464768357575
0.0002785742108244449
0.0002457539667375386
0.00031721428968012333
0.00033182307379320264
0.0003027431957889348
0.00024657032918184996
0.0003286766295786947
0.00033190567046403885
0.00031605904223397374
0.0002627524081617594
0.00027941359439864755
0.00027079106075689197
0.00030946085462346673
0.00029902305686846375
0.000319290702464059
0.0003384239098522812
0.0003477184218354523
0.0003247550630476326
0.00022360411821864545
0.0003763528948184103
0.0002734775480348617
0.0003464683541096747
0.00023544639407191426
0.00023296423023566604
0.0002953672665171325
0.00028778190608136356
0.00032408529659733176
0.0002947339089587331
0.0002675158029887825
0.00029773448477499187
0.00029957375954836607
0.00027820628019981086
0.00031660552485845983
0.0003080964379478246
0.00031606038101017475
0.00042003023554570973
0.00045079021947458386
0.0003065281198360026
0.0003561739868018776
0.00038959019002504647
0.00029168216860853136
0.00029477145290002227
0.00027543483884073794
0.0003375238738954067
0.0002455301000736654
0.00031832163222134113
0.0002825978444889188
0.0003952502447646111
0.0002624558983370662
0.0003000733850058168
0.00035852743894793093
0.00029231212101876736
0.00034626343403942883
0.00034250246244482696
0.00030920837889425457
0.0003193879674654454
0.00041176038212142885
0.00027816733927465975
0.00030746354605071247
0.0003708026197273284
0.000310106435790658
0.00025068793911486864
0.00030118972063064575
0.000337201461661607
0.00037435468402691185
0.000364289793651551
0.00036273201112635434
0.0003039298171643168
0.0002957231772597879
0.00023031196906231344
0.0003580148331820965
0.0002992655790876597
0.0003719041997101158
0.00029207125771790743
0.0004048367263749242
0.0002767354599200189
0.0003055372217204422
0.00027970687369816005
0.00033714534947648644
0.00029414036544039845
0.0004040730418637395
0.0003468841314315796
0.00036015125806443393
0.0004034537123516202
0.0003635624598246068
0.00031184704857878387
0.00043851439841091633
0.0003866838524118066
0.00033616821747273207
0.00035840930650010705
0.0004312671080697328
0.00035459574428386986
0.00028199280495755374
0.00022231030743569136
0.00034042802872136235
0.00038143337587825954
0.0003089602687396109
0.00039448917959816754
0.00027520841103978455
0.00029844875098206103
0.0003173386212438345
0.0003827603068202734
0.0002838463115040213
0.0003191935829818249
0.0003233160241506994
0.000334385025780648
0.00032654445385560393
0.0003687944554258138
0.0004266760661266744
0.00039265883970074356
0.00033804410486482084
0.0003602376382332295
0.00034793312079273164
0.0003196244651917368
0.00043200419167988
0.00043328781612217426
0.00046732864575460553
0.0003954567655455321
0.000262164743617177
0.00042846868745982647
0.0003340965195093304
0.0003749722964130342
0.00033114655525423586
0.00039513915544375777
0.0004059403436258435
0.0003391372738406062
0.00031273113563656807
0.000357915589120239
0.0002775742032099515
0.0003231462324038148
0.00035304369521327317
0.00033523328602313995
0.00034248348674736917
0.0003812201030086726
0.0003189111012034118
0.0003445669135544449
0.0003765306028071791
0.0003540183824952692
0.0003376290842425078
0.0004586766008287668
0.00038403095095418394
0.0002827881253324449
0.0003018210700247437
0.0003276726056355983
0.0003455029218457639
0.0003897205460816622
0.00029916863422840834
0.0003614520828705281
0.0003324791614431888
0.0004930831491947174
0.0003008318890351802
0.00031048068194650114
0.0003507852088660002
0.0004902204964309931
0.000383089849492535
0.0004018822219222784
0.0005187029601074755
0.00038817699532955885
0.00035324931377545
0.0003418110718484968
0.00032304628985002637
0.000293124932795763
0.0004083511303178966
0.0003449282085057348
0.00039660921902395785
0.0003228813875466585
0.00038166382000781596
0.000321037950925529
0.0003534714342094958
0.00041879829950630665
0.00039675500011071563
0.0002842323447111994
0.0003722361580003053
0.00033992656972259283
0.00035939557710662484
0.00037233566399663687
0.00031476252479478717
0.00029627533513121307
0.00034214602783322334
0.00043235375778749585
0.00038452085573226213
0.00034497803426347673
0.00036696589086204767
0.00036378565710037947
0.0004212553903926164
0.0003549028770066798
0.0003293351619504392
0.000346628250554204
0.00030557866557501256
0.0004409600514918566
0.00039495210512541234
0.0003296058566775173
0.0003471114323474467
0.0003227971901651472
0.0004755942791234702
0.0003084104391746223
0.00023098218662198633
0.0003551435947883874
0.0003758396196644753
0.0003926672216039151
0.00041098668589256704
0.0004463214718271047
0.0003950407262891531
0.00035759576712734997
0.00034283497370779514
0.0003476158017292619
0.0003593394358176738
0.000323438027407974
0.0002926148008555174
0.0003055783163290471
0.0004445701779332012
0.00035078683868050575
0.00037127890391275287
0.0003623373922891915
0.0003460076986812055
0.00036635855212807655
0.0003698992368299514
0.000350878166500479
0.0003230310103390366
0.0003930933016818017
0.0003769052564166486
0.00030399402021430433
0.0002982864680234343
0.0003293116460554302
0.00039830172318033874
0.00031775495153851807
0.0004415811854414642
0.00033028642064891756
0.00025985424872487783
0.0003390346246305853
0.00031273253262043
0.00029382400680333376
0.0005037516239099205
0.00041635657544247806
0.0003612143045756966
0.00041058153146877885
0.0003570809494704008
0.0003130862896796316
0.00042228130041621625
0.0003851213841699064
0.00035117092193104327
0.00030194621649570763
0.00041861439240165055
0.0003068678779527545
0.0003213683085050434
0.00037018037983216345
0.00031448318623006344
0.00041741973836906254
0.0003709564043674618
0.00037889956729486585
0.00042585170012898743
0.0003187360125593841
0.0003683496324811131
0.0003867540508508682
0.00033367276773788035
0.0004291025979910046
0.000330234004650265
0.00029392720898613334
0.0003863754391204566
0.0002920857514254749
0.0002624879707582295
0.00036119986907579005
0.0004279093409422785
0.00037088969838805497
0.00033591524697840214
0.0003125090152025223
0.0004484022210817784
0.0004067223344463855
0.0003152884601149708
0.00025245279539376497
0.0004232986248098314
0.0003309721651021391
0.0003474462137091905
0.0003352214116603136
0.00035021104849874973
0.0002749015111476183
0.0003153082216158509
0.00037250103196129203
0.00026203133165836334
0.00033494518720544875
0.00040464504854753613
0.0002578251587692648
0.00033571445965208113
0.0003685960255097598
0.00034322391729801893
0.00031288008904084563
0.00034775459789671004
0.00036064497544430196
0.00038001115899533033
0.0003389985067769885
0.0002724330115597695
0.0003569805121514946
0.0003448443894740194
0.00028166561969555914
0.0002796667395159602
0.0002869892050512135
0.0003208763664588332
0.00029006399563513696
0.0004202875425107777
0.0003739556996151805
0.00036371962050907314
0.00033644383074715734
0.0004294522514101118
0.0003012013912666589
0.0002898120728787035
0.00036354069015942514
0.00030734128085896373
0.0003827595501206815
0.00029901479138061404
0.0003503345651552081
0.0003543275815900415
0.00027049818891100585
0.0004251842328812927
0.00027531731757335365
0.00031718346872366965
0.0004161105025559664
0.0003422783629503101
0.00036728737177327275
0.00034400555887259543
0.00036020015249960124
0.00046076442231424153
0.00035445261164568365
0.0003092540137004107
0.00030456867534667253
0.0002779237984213978
0.00038130659959279
0.00030397341470234096
0.00034475259599275887
0.0003127184172626585
0.0003129929245915264
0.000333168834913522
0.0002934865187853575
0.0004156450158916414
0.00038589825271628797
0.00032150186598300934
0.0003302886907476932
0.0003666776465252042
0.0004494727763812989
0.0003783085849136114
0.0003290359163656831
0.00037343279109336436
0.0004891757853329182
0.00034965010127052665
0.00039349403232336044
0.0003379682602826506
0.0003470850642770529
0.0003583307552617043
0.00035877569462172687
0.0003386273165233433
0.0003435610269661993
0.0003008213534485549
0.0002871949691325426
0.00030981641612015665
0.00036445382284000516
0.0003328809980303049
0.00041286397026851773
0.0002577386039774865
0.00030939478892832994
0.00031919003231450915
0.00029379662009887397
0.00028779415879398584
0.00033266283571720123
0.0002631428651511669
0.00029893944156356156
0.0002858713851310313
0.0003327003214508295
0.00046311551705002785
0.0003362327115610242
0.0003101211623288691
0.00030791450990363955
0.00030880377744324505
0.0003140522458124906
0.00026230167713947594
0.00035228661727160215
0.0003439603606238961
0.00028112047584727407
0.00040391553193330765
0.0004072372685186565
0.000388708314858377
0.00030171466642059386
0.000309769093291834
0.0003013986279256642
0.00026075670029968023
0.00028764960006810725
0.0002696057199500501
0.00030594374402426183
0.00031230790773406625
0.0004053108859807253
0.00025532158906571567
0.0003160385531373322
0.0003026429330930114
0.00035316526191309094
0.0002962751023005694
0.0004203319549560547
0.0003136576560791582
0.0002439596428303048
0.00034360383870080113
0.00031276914523914456
0.00028477516025304794
0.00033213262213394046
0.00025512356660328805
0.0002754049201030284
0.0002927868627011776
0.00035039163776673377
0.00031022829352878034
0.00024113671679515392
0.0003312391636427492
0.0003446287882979959
0.0003174181911163032
0.00025571719743311405
0.00025084568187594414
0.00027316989144310355
0.0002759030321612954
0.00033329532016068697
0.0003059562004636973
0.00032873149029910564
0.0002927704481408
0.00035466227564029396
0.00034496982698328793
0.00030720443464815617
0.0003065043711103499
0.0003210330323781818
0.00030657200841233134
0.00028960886993445456
0.0002596014237497002
0.0002765749813988805
0.00025377722340635955
0.0003023712779395282
0.000367046712199226
0.00031157818739302456
0.0002925912558566779
0.00029833492590114474
0.00027472260990180075
0.0002845183771569282
0.0002547810727264732
0.00032612591166980565
0.0003066390927415341
0.0002832614118233323
0.00029214107780717313
0.0003626725228969008
0.00024653406580910087
0.00029584113508462906
0.0003011378285009414
0.0003899729053955525
0.0003061983152292669
0.00029451854061335325
0.0003189183189533651
0.0003232358430977911
0.0002332765725441277
0.00025150066358037293
0.00032999785616993904
0.000289468647679314
0.0003023649624083191
0.0002706494415178895
0.000355847500031814
0.00033133558463305235
0.0002913861826527864
0.00027163256891071796
0.000305808411212638
0.0003713991027325392
0.00026300159515812993
0.00028117094188928604
0.00027725574909709394
0.00027037522522732615
0.0002691660192795098
0.0003185829846188426
0.0002923633437603712
0.00024538973229937255
0.0003715656348504126
0.0003112287085969001
0.00028993029263801873
0.00029008937417529523
0.00027335539925843477
0.0002607914211694151
0.0002391581510892138
0.0002489836188033223
0.00030333182075992227
0.00028086197562515736
0.0002133857924491167
0.00028450964600779116
0.00029572745552286506
0.000277704035397619
0.0002629881782922894
0.0003185499517712742
0.0002523678122088313
0.00029522980912588537
0.0002953296934720129
0.0003295842616353184
0.0002797147026285529
0.0003457374405115843
0.00030543404864147305
0.00035249924985691905
0.00030632191919721663
0.0003329645551275462
0.000246394076384604
0.00026495353085920215
0.0003166274109389633
0.000352419912815094
0.00036020632251165807
0.00021243853552732617
0.00026384295779280365
0.0002562372828833759
0.0002722256176639348
0.00027508990024216473
0.0002731739077717066
0.0002628112561069429
0.0002583440800663084
0.0002705275546759367
0.00022049801191315055
0.00033269484993070364
0.00028764206217601895
0.0002882246335502714
0.0002795255568344146
0.00025406424538232386
0.00023628953204024583
0.00019724595767911524
0.0003168005496263504
0.00027648263494484127
0.00028665762511081994
0.0002945978194475174
0.0002554708335082978
0.0002641377504914999
0.00031261282856576145
0.00028449465753510594
0.0002524048031773418
0.00026861176593229175
0.000335531251039356
0.0002515551168471575
0.00023831168073229492
0.0002516203676350415
0.00022315411479212344
0.0002448158338665962
0.0002644483174663037
0.00021573223057202995
0.00026066158898174763
0.00030829437309876084
0.000286699942080304
0.0002719068725127727
0.0002702015044633299
0.0002772688749246299
0.00030241493368521333
0.00020284978381823748
0.000249320495640859
0.0002121313737006858
0.00028549088165163994
0.0002384123217780143
0.00026978127425536513
0.00025746403844095767
0.0002777327026706189
0.00023430756118614227
0.00021746930724475533
0.00023722441983409226
0.0002908544847741723
0.0002412680914858356
0.00021309647127054632
0.00020670602680183947
0.0002377748751314357
0.00021505681797862053
0.0002477051748428494
0.00029006300610490143
0.0002473258937243372
0.0002652817638590932
0.0002522201102692634
0.00025535395252518356
0.00022216490469872952
0.0002299184416187927
0.0002496585075277835
0.00024818486417643726
0.00023846312251407653
0.0003271807509008795
0.0002468647144269198
0.00022200049716047943
0.00021391035988926888
0.0002515065425541252
0.0002651540853548795
0.00023389916168525815
0.00023079874517861754
0.00030773511389270425
0.0003072412218898535
0.0002634391712490469
0.0003040216979570687
0.00027073975070379674
0.00023068190785124898
0.00025681621627882123
0.00025466244551353157
0.00024567474611103535
0.0002802150556817651
0.0002815227198880166
0.0002714841684792191
0.00023363808577414602
0.00026269489899277687
0.00029228138737380505
0.00024253300216514617
0.0002179115981562063
0.0002264078357256949
0.0002946286404039711
0.00023315087310038507
0.00025107181863859296
0.00023318979947362095
0.00024568403023295105
0.0002865551505237818
0.00021290376025717705
0.00025039748288691044
0.0002441384713165462
0.00018056410772260278
0.0002572328085079789
0.00028156564803794026
0.00017748041136655957
0.00025473712594248354
0.00023107872402761132
0.00019333881209604442
0.00027021640562452376
0.00024531185044907033
0.00019667358719743788
0.00030723150121048093
0.00020505490829236805
0.00021229920093901455
0.00022003833146300167
0.00019008420349564403
0.00020368928380776197
0.00021722096425946802
0.00024050335923675448
0.00023376356693916023
0.00019353603420313448
0.0002518903638701886
0.00018595531582832336
0.00020113479695282876
0.0002207812067354098
0.0001846065279096365
0.0001851720444392413
0.00022010966495145112
0.00022970512509346008
0.00023472208704333752
0.00019868176605086774
0.00023163706646300852
0.00020511764159891754
0.00018836370145436376
0.00018700130749493837
0.0002301918138982728
0.0002136757248081267
0.00021625123918056488
0.0002603548637125641
0.00021462592121679336
0.00024793599732220173
0.00021859988919459283
0.00022993047605268657
0.00020844268146902323
0.00020549847977235913
0.00017057053628377616
0.00026106834411621094
0.00019843970949295908
0.00024507829220965505
0.00023792962019797415
0.0001959906076081097
0.00022989106946624815
0.0002218505833297968
0.0002537366817705333
0.00022253140923567116
0.00022516387980431318
0.00018659629859030247
0.00020679972658399493
0.000182505275006406
0.00018037724657915533
0.00023699337907601148
0.00019294633239042014
0.00020095771469641477
0.00022278650430962443
0.00020309563842602074
0.00027912406949326396
0.0002679096069186926
0.0001483815285610035
0.0002051407063845545
0.00018645306408870965
0.00023926777066662908
0.00021673999435734004
0.00024220212071668357
0.00021506370103452355
0.00018979913147632033
0.00024223898071795702
0.00020174428937025368
0.0001807215012377128
0.00018179438484366983
0.0002289503172505647
0.0002839741646312177
0.00019232839986216277
0.00023522395349573344
0.00016173975018318743
0.00013425684301182628
0.0001842690398916602
0.0001467964320909232
0.00019059772603213787
0.0001561973913339898
0.00021660540369339287
0.00017492643382865936
0.0002132069057552144
0.00018267186533194035
0.000196127308299765
0.00014437135541811585
0.00022905063815414906
0.00017595567624084651
0.00022025028010830283
0.00017719418974593282
0.00014023319818079472
0.00018324055417906493
0.0001862910867203027
0.00021097362332511693
0.00016249182226601988
0.00020360325288493186
0.00015742567484267056
0.00023825241078156978
0.00019214136409573257
0.00021222917712293565
0.00017889360606204718
0.0001784801424946636
0.00017817487241700292
0.00018775800708681345
0.00013165474229026586
0.00018532504327595234
0.0001942405360750854
0.00016608649457339197
0.00015318539226427674
0.00017174579261336476
0.0002249780372949317
0.00018292601453140378
0.00017674124683253467
0.00020048079022672027
0.00019649793102871627
0.00015706437989138067
0.00015588296810165048
0.00018934757099486887
0.0001887255348265171
