0.36999999172985554
0.634999985806644
0.5366666546712319
0.5274999882094562
0.49199998900294306
0.47833332264175016
0.5699999872595072
0.5549999875947833
0.5744444316046106
0.607999986410141
0.6327272585847161
0.719166650592039
0.771538444293233
0.759285697314356
0.7606666496644418
0.7499999832361937
0.7764705708798241
0.7855555379970206
0.7968420874523489
0.801499982085079
0.8099999818950891
0.8690908896652135
0.9995651950492807
1.0429166433556627
1.0887999756634235
1.1399999745190144
1.219999972730875
1.2964285424511348
1.3237930738591943
1.3363333034639557
1.3177419060300435
1.336249970132485
1.3796969388583393
1.4529411439948223
1.5319999657571315
1.587777742288179
1.6027026668795057
1.6265789110115485
1.6541025271304908
1.7169999616220593
1.7473170341151516
1.764523770083629
1.7853487973036462
1.8779545034789904
1.8966666242728631
1.9397825653381322
1.9410637864010765
2.001874955254607
2.0914285246815
2.1281999524310233
2.2211764209410725
2.292499948758632
2.3709433432317004
2.4101851313133484
2.4434544908390805
2.5337499433662742
2.589649064923849
2.6434482167763957
2.702203329431556
2.8006666040668886
2.8086884618110832
2.858709613522214
2.968730092373869
2.984843683283543
3.0121537788269612
3.0219696294234106
3.0134327684654227
3.0626469903680333
3.144782538404283
3.232714213457491
3.3043661233247588
3.3449999252334237
3.4501369091847987
3.5041891108644574
3.5297332544376454
3.5784209726476357
3.6305193993710465
3.658205046437872
3.725696119255846
3.7463749162619933
3.8049381865579406
3.854756011400463
3.901204732078386
3.9922618155278977
3.9910587343222956
4.021744096153524
4.043103357905458
4.0648862727790736
4.14662912079876
4.249999905005097
4.3245053978452646
4.352499902714044
4.461720330380304
4.489361601782606
4.549473582521865
4.61322906355296
4.683195771611075
4.783877444092412
4.812727165154436
4.8617998913303015
5.033999887481332
5.122899885494262
5.181599884182215
5.329899880867451
5.500999877043069
5.668099873308092
5.9102998678945005
5.96789986660704
6.0803998640924695
6.272999859787523
6.449399855844677
6.594799852594734
6.769799848683179
6.847699846941977
7.044299842547625
7.165199839845299
7.34029983593151
7.536899831537157
7.745699826870114
7.869499824102968
8.036799820363521
8.313299814183265
8.388299812506885
8.623099807258695
8.796499803382904
9.063399797417224
9.332199791409074
9.66899978388101
9.89819977875799
10.035099775698036
10.211799771748483
10.344199768789112
10.62759976245463
10.751399759687484
11.06049975277856
11.337099746596069
11.6920997386612
11.996999731846154
12.31749972468242
12.547599719539285
12.8255997133255
13.168199705667794
13.51769969785586
13.657299694735556
13.893099689465016
14.156899683568627
14.506099675763398
14.771399669833482
15.040299663823099
15.385199656113983
15.584799651652574
15.805299646724016
16.117199639752506
16.288399635925888
16.63299962822348
16.770999625138938
17.03729961918667
17.31689961293712
17.651599605455996
17.959699598569422
18.26219959180802
18.489999586716294
18.6653995827958
18.99239957548678
19.287599568888545
19.606299561765045
19.965999553725123
20.20859954830259
20.503199541717766
20.725499536748977
21.025299530047924
21.3252995233424
21.601899517159907
21.899099510516972
22.231399503089488
22.54599949605763
22.837599489539862
23.15539948243648
23.42109947649762
23.71829946985468
23.990899463761597
24.30509945673868
24.600099450144917
24.86519944421947
25.214199436418713
25.52039942957461
25.808999423123897
26.111299416366965
26.393799410052598
26.64109940452501
26.90899939853698
27.19179939221591
27.3552993885614
27.647599382027984
27.932999375648798
28.187199369966983
28.424099364671857
28.417499364819378
28.70659935835749
28.96249935263768
29.173399347923695
29.446899341810493
29.707199335992335
29.867599332407117
30.038299328591673
