-0.3953173398971558
-0.39750794917345045
-0.40763239115476607
-0.40978391617536547
-0.416305223107338
-0.4187910363078117
-0.4167830184102058
-0.41680821776390076
-0.4176313981413841
-0.4130201697349548
-0.4162403181195259
-0.41801799088716507
-0.41955732852220534
-0.41808282732963564
-0.4204172223806381
-0.4189909815788269
-0.4210472509264946
-0.4207510933279991
-0.4200782462954521
-0.4211026281118393
-0.41878592371940615
-0.41856060475111007
-0.4197638019919395
-0.4187867626547813
-0.42093151807785034
-0.42147533446550367
-0.422548209130764
-0.4214591860771179
-0.42059958428144456
-0.4200205862522125
-0.4184319630265236
-0.42131963968276975
-0.42022335678339007
-0.4184200942516327
-0.41625131368637086
-0.4159882813692093
-0.4169695287942886
-0.41626963168382647
-0.41900628358125686
-0.4193370133638382
-0.41986427903175355
-0.4161286026239395
-0.4186024621129036
-0.41580959856510163
-0.4164247840642929
-0.4172481268644333
-0.4166703626513481
-0.415230692923069
-0.41676939129829405
-0.41819236129522325
-0.4176815465092659
-0.4197366386651993
-0.41488459408283235
-0.41834936290979385
-0.41821626722812655
-0.4177123442292213
-0.41670862436294553
-0.4159333124756813
-0.4153965175151825
-0.4144525945186615
-0.4163394168019295
-0.41774146556854247
-0.41764371246099474
-0.41566022783517836
-0.4160355970263481
-0.41493139415979385
-0.41467141509056094
-0.4158519968390465
-0.41519665569067
-0.4157034561038017
-0.4173052594065666
-0.4137042224407196
-0.41399659812450407
-0.41577658653259275
-0.41499365121126175
-0.4169862732291222
-0.41478594243526457
-0.41830233931541444
-0.4168947100639343
-0.41366698145866393
-0.41641716510057447
-0.41540126502513885
-0.4160219669342041
-0.4156509339809418
-0.41735703945159913
-0.4153144210577011
-0.41609135568141936
-0.41431287825107577
-0.4152708724141121
-0.4164372131228447
-0.41310845613479613
-0.41706652492284774
-0.4148221254348755
-0.4157085597515106
-0.4152067542076111
-0.41454806327819826
-0.4151775613427162
-0.41111511290073394
-0.4153884917497635
-0.4161902517080307
-0.4129096895456314
-0.41296277940273285
-0.41642344892024996
-0.41448994874954226
-0.41427688896656034
-0.41495549082756045
-0.41352043151855467
-0.4116260573267937
-0.41478625535964964
-0.4131949916481972
-0.41439935117959975
-0.4135270074009895
-0.41481581777334214
-0.4135840982198715
-0.4132245793938637
-0.4134107917547226
-0.4136180102825165
-0.41400540471076963
-0.4124158903956413
-0.4138611525297165
-0.41508113741874697
-0.4137788325548172
-0.4147164836525917
-0.4131952300667763
-0.4113260418176651
-0.4137660160660744
-0.41286938786506655
-0.4141694039106369
-0.41474546045064925
-0.41472342163324355
-0.4120586261153221
-0.41119848638772966
-0.4145203813910484
-0.41347084641456605
-0.41067211180925367
-0.4119211435317993
-0.41230060905218124
-0.41251144260168077
-0.41226587146520616
-0.4108209118247032
-0.41331437081098554
-0.4134412080049515
-0.40989088714122773
-0.4139213189482689
-0.4127285048365593
-0.41214493960142135
-0.41170058250427244
-0.41211113035678865
-0.41372923105955123
-0.4105938315391541
-0.4128953903913498
-0.41173950433731077
-0.4115429848432541
-0.4118124023079872
-0.41252005398273467
-0.41115362495183944
-0.4109537735581398
-0.41015118956565855
-0.41062643229961393
-0.41276235729455946
-0.41069895774126053
-0.41275485455989835
-0.41147955060005187
-0.4138210952281952
-0.41044209599494935
-0.410935665667057
-0.40891849994659424
-0.4102460786700249
-0.41149723827838897
-0.4089408293366432
-0.4110068574547768
-0.41067003309726713
-0.40900238454341886
-0.4098376825451851
-0.41102324724197387
-0.41053604930639265
-0.4094253495335579
-0.4104703113436699
-0.4098163560032845
-0.4118912160396576
-0.41011522710323334
-0.4112937718629837
-0.41116245836019516
-0.4113543123006821
-0.4107755169272423
-0.4110564664006233
-0.40974360704421997
-0.4094338521361351
-0.4116390720009804
-0.4117529407143593
-0.41034205406904223
-0.41008367836475373
-0.410251060128212
-0.4095561996102333
-0.4096441507339478
-0.41008102893829346
-0.4102085426449776
-0.40855932235717773
-0.4096171945333481
-0.40965487360954284
-0.4085037425160408
-0.41112925559282304
-0.40686495006084444
-0.40921551287174224
-0.4093779906630516
-0.4098286807537079
-0.4081622689962387
-0.4086382701992989
-0.4101697638630867
-0.40905414819717406
-0.41063742339611053
-0.40896258056163787
-0.410527329146862
-0.4091132193803787
-0.4086040496826172
-0.4078483745455742
-0.4101820424199104
-0.40740390717983244
-0.4079169169068336
-0.4091975882649422
-0.41002006977796557
-0.4088436633348465
-0.4090468540787697
-0.4086217299103737
-0.40816363096237185
-0.409002985060215
-0.40926895588636397
-0.4076089009642601
-0.408946892619133
-0.41027182042598725
-0.4087844789028168
-0.4096746608614922
-0.40784386843442916
-0.40853032320737837
-0.4091732129454613
-0.406668122112751
-0.4100055143237114
-0.40986886620521545
-0.4063286274671555
-0.40827385932207105
-0.4076848208904266
-0.40703443735837935
-0.4088215097784996
-0.4082193449139595
-0.40832635164260866
-0.40834437757730485
-0.4077840283513069
-0.40767636001110075
-0.4077597692608833
-0.40895625948905945
-0.4075960010290146
-0.4097484305500984
-0.4074001058936119
-0.40710082948207854
-0.40938839614391326
-0.40932956486940386
-0.40658989548683167
-0.40868655741214754
-0.407885929942131
-0.408511845767498
-0.4083025425672531
-0.4091049134731293
-0.4069326803088188
-0.40861708521842954
-0.4082252889871597
-0.40678600668907167
-0.40696408301591874
-0.4098376452922821
-0.40792645663022997
-0.4068902164697647
-0.4083039179444313
-0.40671207010746
-0.407906174659729
-0.40409897565841674
-0.40770418345928194
-0.4080153614282608
-0.40843567699193956
-0.40831159055233
-0.406628443300724
-0.40757080912590027
-0.4083756148815155
-0.4063245564699173
-0.4095569595694542
-0.40862860530614853
-0.4077484905719757
-0.4096367314457893
-0.4060027986764908
-0.4093749105930328
-0.40655198246240615
