0.027877493854612113
0.029922146070748567
0.027068393118679524
0.030953313410282134
0.03148730341345072
0.029790957644581794
0.028873230889439584
0.03624396650120616
0.03502862798050046
0.034486461989581586
0.03461045054718852
0.031896681431680916
0.03162679085507989
0.03546170024201274
0.03546914290636778
0.0349029203876853
0.03132864125072956
0.033952640183269975
0.036560033168643716
0.03538341969251633
0.03889228701591492
0.03844797732308507
0.036556036211550236
0.03554484974592924
0.035549627430737016
0.035673136450350286
0.03679695436730981
0.03635708438232541
0.03637284701690078
0.036500095203518865
0.03902624864131212
0.03901845822110772
0.03792301686480641
0.038479059282690284
0.039324100501835345
0.03661716477945447
0.04121385291218758
0.037013735715299846
0.03813008470460773
0.03861622381955385
0.03596800090745091
0.037900094781070946
0.03882786771282554
0.039017473347485065
0.0412064497359097
0.038856335636228326
0.03620989471673965
0.03964908653870225
0.04131107674911618
0.036150770634412764
0.037155318260192874
0.03759356867522001
0.03765623681247234
0.036982824094593525
0.038923065084964036
0.038075083401054144
0.04146765200421214
0.037631447240710256
0.03917497061192989
0.038497659657150504
0.04169736448675394
0.03818020448088646
0.040127952490001915
0.04089614851400256
0.03879006756469607
0.03885085014626384
0.03947947071865201
0.04065524749457836
0.04209352321922779
0.04022319158539176
0.03817215710878372
0.04057994186878204
0.04271368999034166
0.04142206395044923
0.043388692941516635
0.0408025567419827
0.041535030398517844
0.03879301687702537
0.0385499868541956
0.04103584215044975
0.04188899770379066
0.038809511065483096
0.037950525525957346
0.039041937422007324
0.035446050390601155
0.038118082005530594
0.03851902699097991
0.03839020393788815
0.04175685932859778
0.033728081826120616
0.037641358003020285
0.03745684754103422
0.04339223252609372
0.03999571837484837
0.03603344857692718
0.03873919127508998
0.037969859316945076
0.04193111527711153
0.039524417091161015
0.03803899809718132
0.03979165777564049
0.038909116946160796
0.038448864966630934
0.039246023260056974
0.044585611950606105
0.040976532828062774
0.042083224188536404
0.041005887743085626
0.03809652077034116
0.03901242911815643
0.04033892964944243
0.04179820055142045
0.03684540595859289
0.040781177766621116
0.03949159048497677
0.04100984819233418
0.037302372977137566
0.03868240043520928
0.03929064329713583
0.040151579584926364
0.042073660623282196
0.038254507817327976
0.03966570813208818
0.03723206827417016
0.03878841819241643
0.0385529980994761
0.036807757522910836
0.042383938655257226
0.03916275762021541
0.038026262912899254
0.038619912881404164
0.04150132043287158
0.04030589759349823
0.038364495243877174
0.04058884037658572
0.03748600166290998
0.040360710583627224
0.03715361505746841
0.03781568957492709
0.0394541434943676
0.03990047099068761
0.04203612795099616
0.03796022608876228
0.037571302615106106
0.03626540107652545
0.04189270790666342
0.037253424432128666
0.039547911193221805
0.034475292265415194
0.04419953739270568
0.036102177761495116
0.04121300652623176
0.03728163791820407
0.04137456296011806
0.03764847284182906
0.038965366408228876
0.03905022637918591
0.039459825679659846
0.03890503952279687
0.038871105574071405
0.03943084850907326
0.0385176164098084
0.0384815608151257
0.039210885856300594
0.03689143629744649
0.04111945675686002
0.035136803053319454
0.03846434280276299
0.035661200247704986
0.040725677832961084
0.03797328183427453
0.03918021852150559
0.04359576655551791
0.038157884031534195
0.03857137830927968
0.04009100003167987
0.040326131600886585
0.0384369763545692
0.03634444270282984
0.03634211858734489
0.039956068713217975
0.037827602867037055
0.03568775989115238
0.038213664386421445
0.04183952314779162
0.0385329089127481
0.03673522062599659
0.035986623261123896
0.0372790920548141
0.039283609669655564
0.03856025552377105
0.03683637380599976
0.03729004915803671
0.03790037902072072
0.03979916479438543
0.03668721793219447
0.03754946198314428
0.036164877470582724
0.04039126913994551
0.039652697183191775
0.03689271677285433
0.035887403227388856
0.03846049075946212
0.03521357830613851
0.03651756700128317
0.04047459317371249
0.037630250304937364
0.0381972948089242
0.03709837850183249
0.03545686956495046
0.03621882880106568
0.03890780135989189
0.03809230150654912
0.0364881856366992
0.037854016106575725
0.03609710764139891
0.03856584001332521
0.03964595035649836
0.03593774288892746
0.038487198669463395
0.0355802945792675
0.041927200742065907
0.034696318209171295
0.0360452895052731
0.03760955547913909
0.03999341949820519
0.03902528313919902
0.04130045222118497
0.035849230270832776
0.037611795123666525
0.03858468644320965
0.03278305800631642
0.04063966413959861
0.0382937416434288
0.03776068137958646
0.03855859274044633
0.03487353911623359
0.03631841409951449
0.03688272619619966
0.043726963363587855
0.041419648472219704
0.03984497422352433
0.038053101487457754
0.038108241837471725
0.03714447170495987
0.03589774975553155
0.0362713772803545
0.03433626275509596
0.03516369089484215
0.034957137610763314
0.03878391394391656
0.038607316184788944
0.037623378448188305
0.03934851996600628
0.03574251849204302
0.03322146674618125
0.03856089226901531
0.03745075557380915
0.03596970858052373
0.03458894584327936
0.040492520574480294
0.034729842096567154
0.03968682233244181
0.03591343527659774
0.03444238211959601
0.038103499170392754
0.03929342264309525
0.03784945951774717
0.036448948178440334
0.041347998473793265
0.034339898452162745
0.036075932625681165
0.039891188498586416
0.03742680847644806
0.03892822479829192
0.03835150878876448
0.03872388070449233
0.038365615718066695
0.03355418741703033
0.03324870746582746
0.033310108166188
0.03640334364026785
0.0377419057302177
0.03396268486976624
0.03723794668912887
0.03216008888557553
0.03677946934476495
0.03371410360559821
0.033150400314480064
