24.443999453634024
24.41224945434369
24.367832788669816
24.589249450387435
24.363499455433338
24.42891612063783
24.378499455098062
24.455061953386757
24.52583278513824
24.46044945326634
24.48418127091771
24.548874451289883
24.56388406633901
24.555678022566383
24.582499450538307
24.625436949578578
24.670793566211838
24.709221669928066
24.71478892126562
24.717349447524175
24.747070875431277
24.738658537956972
24.721934230030392
24.75385361337491
24.792839445836844
24.822441752867487
24.84783277794098
24.872106586922225
24.891137374674194
24.9208327763093
24.942176861853728
24.954171317230795
24.960635805722664
24.971220030085018
24.983299441579728
25.007638329924603
25.033107548574538
25.049933650616655
25.05457636306349
25.083211939346512
25.100572609690175
