-0.3681620299816132
-0.37139905989170074
-0.37701239585876467
-0.3851674020290375
-0.3879623144865036
-0.3884357824921608
-0.3838279351592064
-0.3828494742512703
-0.384417487680912
-0.38366958051919936
-0.3866998299956322
-0.3853871524333954
-0.3848913833498955
-0.38553597778081894
-0.387559649348259
-0.3887497901916504
-0.38637791872024535
-0.38842068761587145
-0.3884262338280678
-0.3882467359304428
-0.3890943318605423
-0.3928442820906639
-0.3909416735172272
-0.39091954082250596
-0.3901032283902168
-0.39267692863941195
-0.3912519603967667
-0.3920015275478363
-0.39355693608522413
-0.39092542231082916
-0.39118416905403136
-0.3897366479039192
-0.39245970398187635
-0.3901214778423309
-0.3934386059641838
-0.3916228458285332
-0.39123019874095916
-0.3896339014172554
-0.39347086995840075
-0.39109611362218855
-0.3936015412211418
-0.39215453118085863
-0.39237851202487944
-0.39032467305660246
-0.39133193492889407
-0.39253565222024916
-0.3942160695791245
-0.39489601403474806
-0.3929928123950958
-0.3937186121940613
-0.39370047152042387
-0.39364749044179914
-0.3927613809704781
-0.39656791239976885
-0.39376458823680877
-0.39410345554351806
-0.39470217525959017
-0.3946876138448715
-0.3957239523530006
-0.39686122834682463
-0.39625314623117447
-0.39524474292993544
-0.3954641491174698
-0.3956708624958992
-0.39436684995889665
-0.3956882029771805
-0.3946925699710846
-0.3961750790476799
-0.39523342102766035
-0.39830386340618135
-0.39613965153694153
-0.3948643162846565
-0.3957094669342041
-0.3960072934627533
-0.39653887152671813
-0.39599529802799227
-0.3960358798503876
-0.39535434246063234
-0.3965689942240715
-0.3974332049489021
-0.39639789015054705
-0.39626374244689944
-0.397252656519413
-0.39729954600334166
-0.39626442790031435
-0.39766446948051454
-0.3969284802675247
-0.399245847761631
-0.39684598445892333
-0.3960226818919182
-0.39738388657569884
-0.39743832796812056
-0.4007718741893768
-0.3975016102194786
-0.3976826459169388
-0.3991394713521004
-0.39771788120269774
-0.3986003026366234
-0.39825357049703597
-0.39756539314985273
-0.39806954711675646
-0.39711550176143645
-0.39742824584245684
-0.397649721801281
-0.39800321459770205
-0.39745619148015976
-0.3988267779350281
-0.3977567464113235
-0.39974384307861327
-0.39761721193790434
-0.39815777242183686
-0.39698111414909365
-0.3986904457211494
-0.3964385762810707
-0.3983325734734535
-0.39695116728544233
-0.3990181118249893
-0.39750982224941256
-0.3996592566370964
-0.39830461144447327
-0.39572683721780777
-0.3982388064265251
-0.3986936077475548
-0.3988785147666931
-0.3975140631198883
-0.39712068885564805
-0.3968652382493019
-0.3989486888051033
-0.39934847950935365
-0.3970080465078354
-0.3980575606226921
-0.3978546768426895
-0.3978942781686783
-0.3979078769683838
-0.39867592304944993
-0.3976872220635414
-0.3981513097882271
-0.39667060524225234
-0.3985931783914566
-0.39761690199375155
-0.3992632806301117
-0.3977920264005661
-0.3998764842748642
-0.39654863625764847
-0.3969324380159378
-0.39829491823911667
-0.39850760996341705
-0.3974909082055092
-0.39831802546977996
-0.39800220131874087
-0.3977640390396118
-0.3989107981324196
-0.39846485406160354
-0.39833418279886246
-0.397530110180378
-0.39886093586683274
-0.3975382879376411
-0.39916656017303465
-0.39811438918113706
-0.3977848455309868
-0.39878715872764586
-0.3987515538930893
-0.4006837710738182
-0.40059864819049834
-0.3998429194092751
-0.398372745513916
-0.39874176532030103
-0.3995946377515793
-0.39825921803712844
-0.39753448516130446
-0.40054251700639726
-0.39806313067674637
-0.39797303825616837
-0.399418318271637
-0.39835837930440904
-0.39979418069124223
-0.3995969906449318
-0.3985680863261223
-0.3983479902148247
-0.4001958355307579
-0.39996053725481034
-0.3984790608286858
-0.39748627990484237
-0.3999293938279152
-0.3970890551805496
-0.39999045580625536
-0.3984600231051445
-0.3991032376885414
-0.3992339923977852
-0.3996188700199127
-0.3983014106750488
-0.3979209914803505
-0.3987280398607254
-0.3966567933559418
-0.39807745814323425
-0.39955823719501493
-0.3972574666142464
-0.3976683378219604
-0.39779693484306333
-0.39851006120443344
-0.4012089639902115
-0.3998191937804222
-0.3968237727880478
-0.3998492330312729
-0.39811209589242935
-0.3999561846256256
-0.40078519880771635
-0.39786591827869416
-0.3981779456138611
-0.400281073153019
-0.39843276143074036
-0.40083092302083967
-0.39987299889326094
-0.39899455904960635
-0.3995723113417625
-0.39911058694124224
-0.39887203872203825
-0.4008446305990219
-0.3992453530430794
-0.3984314352273941
-0.3972218886017799
-0.3988549649715424
-0.3988625079393387
-0.4005125254392624
-0.3993551045656204
-0.3992848590016365
-0.3989910915493965
-0.39965605586767194
-0.398213629424572
-0.39896532893180847
-0.3992714241147041
-0.4004500463604927
-0.39841716140508654
-0.3993856400251389
-0.4007582500576973
-0.3984585016965866
-0.3987278059124947
-0.3978326186537743
-0.3996670201420784
-0.4003648370504379
-0.3993187636137009
-0.3998373821377754
-0.3996662512421608
-0.40019688159227373
-0.39936029314994814
-0.3975650012493134
-0.39797973185777663
-0.3980633467435837
-0.39753197878599167
-0.400451186299324
-0.3987298712134361
-0.3986997947096825
-0.39813193380832673
-0.39827612042427063
-0.39793978482484815
-0.3993470802903175
-0.39972589164972305
-0.39784743785858157
-0.3963517859578133
-0.39821437299251555
-0.4000394240021706
-0.4008610054850578
-0.3992959350347519
-0.39852135330438615
-0.39883284121751783
-0.39883809834718703
-0.3979465052485466
-0.3980842337012291
-0.399729485809803
-0.39919291734695433
-0.3983745381236076
-0.3978666186332703
-0.39830195605754853
-0.3965206444263458
-0.39817799925804137
-0.3974649503827095
-0.39820948541164397
-0.4014790192246437
-0.3973777830600739
-0.39869911670684816
-0.3997810110449791
-0.3993091776967049
-0.3970819488167763
-0.3975462645292282
-0.4000198647379875
-0.39897770881652833
-0.3985306262969971
-0.3990061983466148
-0.39733692109584806
-0.39779575914144516
-0.40011828392744064
-0.3983623042702675
-0.39858708530664444
-0.3988401561975479
-0.3980203479528427
-0.39795205295085906
-0.39892432242631914
-0.3986341133713722
-0.39775611013174056
-0.39784336239099505
-0.3991788595914841
-0.3980379357933998
-0.39767774641513826
-0.3981402307748795
-0.3985023990273476
-0.39912302047014236
-0.3978416219353676
-0.3987036257982254
-0.3976870447397232
-0.39968141317367556
-0.3993425577878952
-0.3981905847787857
-0.3978355795145035
-0.39656043201684954
-0.39803849458694457
-0.3983581766486168
-0.3989413619041443
-0.39939873218536376
-0.3972636640071869
-0.39794703722000124
-0.3984204575419426
-0.3978848412632942
-0.3984096825122833
-0.3996509209275246
-0.39712733775377274
-0.3984445333480835
-0.39763590395450593
-0.3979513630270958
-0.399265730381012
-0.39773792028427124
-0.397879832983017
-0.3977636009454727
-0.39759994149208067
-0.3999708518385887
-0.3974045068025589
-0.3980944246053696
-0.3976620674133301
-0.3985329046845436
-0.3977920651435852
-0.397682848572731
-0.39889931231737136
-0.3996871799230576
-0.3981976583600044
-0.3975827232003212
-0.3985018476843834
-0.39669710397720337
-0.39843544363975525
-0.39888096451759336
-0.3970930427312851
-0.3973940759897232
-0.3989419624209404
-0.39795087575912474
-0.3980665519833565
-0.3984707027673721
-0.39837267994880676
-0.39832863956689835
-0.3959316983819008
-0.397451788187027
-0.39807928055524827
-0.3970928221940994
-0.39797147512435915
-0.3972607970237732
-0.39677067995071413
-0.39771159887313845
-0.3975200578570366
-0.397862420976162
-0.39675777703523635
-0.39687016904354094
-0.39665583074092864
-0.3973587900400162
-0.3967483341693878
-0.39740741401910784
-0.39775470197200774
-0.3969023168087006
-0.3977656736969948
-0.39704798609018327
-0.3966769129037857
-0.39779298603534696
-0.39845764487981794
-0.39872480034828184
-0.39879380613565446
-0.3959550142288208
-0.3975381463766098
-0.3975330039858818
-0.3979407399892807
-0.3973168432712555
-0.3977186784148216
-0.3976873591542244
-0.3974082261323929
-0.39740523844957354
-0.397748726606369
-0.3967972069978714
-0.396353155374527
-0.3958973944187164
-0.39701164960861207
-0.3974431976675987
-0.3963152036070824
-0.3985627397894859
-0.3958977997303009
-0.3963953509926796
-0.3983433678746223
-0.39657809734344485
-0.3962762877345085
-0.39601544439792635
-0.3954737544059753
-0.39616615772247316
-0.3980677083134651
-0.39786902368068694
-0.39606168270111086
-0.3971853107213974
-0.3971165120601654
-0.396055069565773
-0.39728809148073196
-0.3964857280254364
-0.3966641992330551
-0.39639876782894135
-0.39530709087848664
-0.3967379331588745
-0.3983030512928963
-0.39744251519441604
-0.39576067924499514
-0.3980666920542717
-0.39700153321027754
-0.39599424302577974
-0.3964953124523163
-0.3962415799498558
-0.3943001389503479
-0.39567833244800565
-0.3959037378430367
-0.39558746069669726
-0.39642530828714373
-0.3967046678066254
-0.39594294130802155
-0.39775138050317765
-0.39606273621320726
-0.3965963661670685
-0.39706004709005355
-0.3965266108512878
-0.39573218673467636
-0.39666696190834044
-0.39753579795360566
-0.395469106733799
-0.3978398486971855
-0.3965092048048973
-0.39640939682722093
-0.39666753858327863
-0.39700906425714494
-0.3954287454485893
-0.3956965431571007
-0.3968957856297493
-0.39708915650844573
-0.39728383272886275
-0.39644293636083605
-0.3955446034669876
-0.3970591023564339
-0.39674105048179625
-0.3966665804386139
-0.39571749567985537
-0.3967262297868729
-0.39618011862039565
-0.3946771815419197
-0.396647946536541
-0.3958974823355675
-0.39442653208971024
-0.39652353078126906
-0.39816862642765044
-0.39434038251638415
-0.3956159085035324
-0.3965503633022308
-0.3960888832807541
-0.39551800936460496
-0.3968027949333191
-0.39678714126348497
-0.39617525190114977
-0.39545427113771436
-0.3954795181751251
-0.39616781622171404
-0.39508159309625623
-0.39823395013809204
-0.3979387417435646
-0.39598108977079394
-0.39597159922122954
-0.3966480061411858
-0.39829734414815904
-0.39500980973243716
-0.39750923961400986
-0.3970029175281525
-0.39624366015195844
-0.39506019949913024
-0.3955578714609146
-0.3970472991466522
-0.3967834606766701
-0.39582677483558654
-0.3975129365921021
-0.39586201310157776
-0.3957289859652519
-0.39709143787622453
-0.3962468490004539
-0.3963902235031128
-0.39609180241823194
-0.3965838313102722
-0.3969245910644531
-0.39503895938396455
-0.3957609847187996
-0.395290844142437
-0.39621094316244126
-0.39658309817314147
-0.39584811478853227
-0.39604862630367277
-0.39538890719413755
-0.39525883048772814
-0.39465353786945345
-0.39479096978902817
-0.39637252539396284
-0.3952901139855385
-0.3964546784758568
-0.39543134421110154
-0.39711220264434816
-0.3973312512040138
-0.3964656412601471
-0.39592406153678894
-0.3957128137350082
-0.39495008289813993
-0.39553931951522825
-0.3964706987142563
-0.3948664039373398
-0.3967676147818565
-0.3954158440232277
-0.3945631295442581
-0.3953850820660591
-0.3947301670908928
-0.3962042674422264
-0.3949497684836388
-0.3946308776736259
-0.39532909244298936
-0.3959597796201706
-0.39497289806604385
-0.3952589347958565
-0.39624318331480024
-0.3969810590147972
-0.39621455520391463
-0.3957226425409317
-0.3954560548067093
-0.3961107939481735
-0.39461829215288163
-0.3944422647356987
-0.39683475345373154
-0.3945791989564896
-0.39587315618991853
-0.3961248531937599
-0.3947009310126305
-0.3971261948347092
-0.3955883547663689
-0.3957927882671356
-0.3976477816700935
-0.39556088894605634
-0.3951428771018982
-0.3954023510217667
-0.39602017104625703
-0.39573297202587127
-0.3946506753563881
-0.3964590564370155
-0.39681734442710875
-0.3954498201608658
-0.39474818855524063
-0.3947883605957031
-0.39471655935049055
-0.39460731446743014
-0.3948759064078331
-0.39483088105916975
-0.396466164290905
-0.39515987038612366
-0.39703543186187745
-0.39558414816856385
-0.39695553928613664
-0.39605716317892076
-0.39494027495384215
-0.3956117287278175
-0.3962512522935867
-0.3956548020243645
-0.39592668414115906
-0.3940933033823967
-0.3943684622645378
-0.39591799676418304
-0.39377774596214293
-0.3937700971961021
-0.3960913628339767
-0.39633386880159377
-0.3949921876192093
-0.39587727189064026
-0.3957788601517677
-0.39454362243413926
-0.3931709498167038
-0.3948324277997017
-0.39533077031373975
-0.39637420177459715
-0.39494979530572893
-0.39609215408563614
-0.3950421318411827
-0.3960586920380592
-0.3944332167506218
-0.39483808130025866
-0.396188759803772
-0.3938717618584633
-0.39521913379430773
-0.39434259086847306
-0.39476848393678665
-0.39551341682672503
-0.393924243748188
-0.3934122443199158
-0.39598929286003115
-0.3955826938152313
-0.3959474340081215
-0.39599402248859406
-0.3937759310007095
-0.39323827624320984
-0.39470098465681075
-0.3940032795071602
-0.3956992506980896
-0.3956085279583931
-0.39572663605213165
-0.3940898969769478
-0.3965713694691658
-0.3951238989830017
-0.3961080566048622
-0.39572568237781525
-0.3950015798211098
-0.3949912071228027
-0.39682322144508364
-0.396687188744545
-0.3934412062168121
-0.3943209573626518
-0.3958004429936409
-0.39456728398799895
-0.39601240754127504
-0.3955677360296249
-0.3938279330730438
-0.3942847639322281
-0.3953349947929382
-0.3952817961573601
-0.3953478246927261
-0.39336698949337007
-0.3957684993743896
-0.39412445574998856
-0.3945706456899643
-0.3939407229423523
-0.3960233986377716
-0.3958252564072609
-0.39512317180633544
-0.395164455473423
-0.39404296725988386
-0.3950717240571976
-0.3949685007333755
-0.3946199953556061
-0.3943070188164711
-0.396196249127388
-0.39379325360059736
-0.3959572479128838
-0.394775016605854
-0.3956348568201065
-0.39442982971668245
-0.39529822319746016
-0.3946760505437851
-0.3949833810329437
-0.39394877552986146
-0.3943406566977501
-0.39468411058187486
-0.3952108398079872
-0.39396239072084427
-0.3943917274475098
-0.3937970921397209
-0.3949686035513878
-0.39468766897916796
-0.3943125754594803
-0.3945600241422653
-0.39498758912086485
-0.3941854700446129
-0.39453247040510175
-0.395824721455574
-0.39475072771310804
-0.3937597721815109
-0.39452127665281295
-0.39383313059806824
-0.39492878764867784
-0.39297571033239365
-0.39429896473884585
-0.3944431573152542
-0.39518182873725893
-0.39463965594768524
-0.3940467283129692
-0.39360908418893814
-0.3937841966748238
-0.3958683118224144
-0.3951853349804878
-0.3950218617916107
-0.3946354269981384
-0.3942259207367897
-0.3928901731967926
-0.39610943347215655
-0.3940316244959831
-0.39597698748111726
-0.39463815093040466
-0.3959917098283768
-0.39503623396158216
-0.39509506374597547
-0.39500622153282167
-0.3962731286883354
-0.3947954669594765
-0.3947328642010689
-0.394162055850029
-0.3960068702697754
-0.39560539573431014
-0.39412683993577957
-0.39474143236875536
-0.3959105655550957
-0.3949084714055061
-0.394131700694561
-0.39403770565986634
-0.3949092239141464
-0.3943383663892746
-0.3925801947712898
-0.39439558833837507
-0.3942641347646713
-0.395240581035614
-0.3940561503171921
-0.39583543986082076
-0.3935794964432716
-0.39274375438690184
-0.39489888548851015
