0.02465891852043569
0.028085406217724086
0.02897278983145952
0.025566967390477657
0.025040724966675042
0.02525834320113063
0.02922828271985054
0.029564610589295624
0.029891050048172475
0.026842881366610526
0.027470263093709944
0.030423147603869438
0.030750267766416074
0.02915585823357105
0.03189183743670583
0.027931409142911433
0.03144615869969129
0.030043148063123228
0.03165825624018907
0.02897701123729348
0.02958450559526682
0.029777885973453523
0.030321452394127847
0.029929235111922026
0.03387256236746907
0.031133351568132638
0.03225597850978375
0.03285338198766112
0.03270594626665115
0.035329035762697455
0.03148321006447077
0.03128065885975957
0.0353019000031054
0.03423480251803994
0.0313761904835701
0.030767962150275708
0.030599210411310196
0.0372627948410809
0.03196249296888709
0.031599395070225
0.03384945085272193
0.0357806945219636
0.03292377358302474
0.03101776512339711
0.03169828848913312
0.030276824720203876
0.03424060139805078
0.03306561298668385
0.03207536311820149
0.0327545921318233
0.03201786549761891
0.033002672158181666
0.0319562996737659
0.030881496518850325
0.033473060745745895
0.03344178209081292
0.03114719958975911
0.035187555383890866
0.029882059805095194
0.031129751354455948
0.029361717496067287
0.03213744703680277
0.03321006931364536
0.029957388434559105
0.030815054569393395
0.030123710818588733
0.030098441150039436
0.02863987348973751
0.03311526868492365
0.030635615717619656
0.032611407525837424
0.031026895344257354
0.03173836646601558
0.030050162132829426
0.03175407480448485
0.03143241330981254
0.031499040545895696
0.032791027892380954
0.030909182876348494
0.03184076193720102
0.030800335668027402
0.032821179181337354
0.030901994183659555
0.02986209997907281
0.028312877286225557
0.030937120970338582
0.031427773833274844
0.03189005116000772
0.03374919183552265
0.03140233363956213
0.035573056805878876
0.03035218343138695
0.03084367262199521
0.034656997118145225
0.03015516772866249
0.030444199731573463
0.03127533094957471
0.033571315836161374
0.03194524552673102
0.03377861380577087
0.028420034097507596
0.031026452779769897
0.03160425815731287
0.030503925308585166
0.03181297145783901
0.03230508514679968
0.03028083238750696
0.031952794082462786
0.03290359685197473
0.03044500621035695
0.031323838792741296
0.030641482770442964
0.030925098061561584
0.03244631290435791
0.03002000031992793
0.03156063072383404
0.030587417259812354
0.030414744466543197
0.03101573809981346
0.03279567481949926
0.03498275969177485
0.028518962021917105
0.03186774207279086
0.029796281922608615
0.03081261939369142
0.03231110330671072
0.03218242581933737
0.03471569251269102
0.0330143291503191
0.03202979313209653
0.036343247443437574
0.03612085217610002
0.028146436251699925
0.03394235465675592
0.03339413469657302
0.03300808891654015
0.033996891137212513
0.034094711486250165
0.03332402752712369
0.03245529541745782
0.03607772151008248
0.03181515960022807
0.03154847007244825
0.032769018318504095
0.03330801855772734
0.03450552728027105
0.033362239319831136
0.03166511906310916
0.02834129659458995
0.03419826561585069
0.03236846327781677
0.036820045486092565
0.03324467241764069
0.03509452324360609
0.03232949292287231
0.035027191042900085
0.0308753477409482
0.034473410435020925
0.03310796786099672
0.03424920672550798
0.03561940835788846
0.03230442563071847
0.03328569252043963
0.03131751790642738
0.031609423086047174
0.03287669587880373
0.03062379630282521
0.03138331109657884
0.03077129265293479
0.03372361920773983
0.02867320543155074
0.03445144165307283
0.03369604870676994
0.033630103711038827
0.03687007389962673
0.030385234486311676
0.03340561473742128
0.03133657770231366
0.03477921625599265
0.03085078429430723
0.034796814899891615
0.029266150295734407
0.03143583657220006
0.029530262015759944
0.03312932439148426
0.03143264017999172
0.033272241801023485
0.03471135832369328
0.031937533617019655
0.02732837637886405
0.030717209354043006
0.0300638728775084
0.03118606060743332
0.03460709927603602
0.030469840951263906
0.03583466028794646
0.03042790349572897
0.03526443466544151
0.030880912113934754
0.03095337366685271
0.028917550574988127
0.02786060990765691
0.033413552958518264
0.03284842073917389
0.03517891857773066
0.03187520271167159
0.029564990568906067
0.029710792936384678
0.035251504927873614
0.03091670209541917
0.03269684202969074
0.02773356670513749
0.02903729798272252
0.030451579205691814
0.029034670256078244
0.030103244446218015
0.03251984724774957
0.02944969143718481
0.02871196949854493
0.03139558481052518
0.0314051216468215
0.027820824924856425
0.029390204511582852
0.028766126092523336
0.026799380779266357
0.032869578525424006
0.030419035721570252
0.03002200974151492
0.03153164815157652
0.03380347704514861
0.03097380166873336
0.029523094557225703
0.030294668301939963
0.033235918078571555
0.031228210125118495
0.03269288232550025
0.029473126539960502
0.03116643875837326
0.027536730375140907
0.02803840273991227
0.03208129974082112
0.026000660844147205
0.028820988070219756
0.02817455502226949
0.030590296909213065
0.030999332945793868
0.029765602946281434
0.028888053772971035
0.029100370407104493
0.03171457964926958
0.030365205183625222
0.03145926129072905
0.030941997561603783
0.03291696161031723
0.031163107510656117
0.030705310683697463
0.03037164444103837
0.032615359593182805
0.030456662829965352
0.02944520665332675
0.028545753052458166
0.028717875573784114
0.031969545688480136
0.03125242097303271
0.032041480485349896
0.03000727333128452
0.031094405520707368
0.028248514607548715
0.028661441802978516
0.03207643344067037
0.033517264388501646
0.028803852619603276
0.03188116205856204
0.031186003889888524
0.02873475863598287
0.03190402672626078
0.028819674625992775
0.028109683142974972
0.0336590395309031
0.029651655443012716
0.02940558553673327
0.027891873195767403
0.03087178748100996
0.03060948522761464
0.031504657957702874
0.027239449368789793
0.030160487443208695
0.02904224875383079
0.03417318575084209
0.031202866602689026
0.03116640793159604
0.028233427554368973
0.027596820332109927
0.028642401099205017
0.025928526232019068
0.025872236117720604
0.03325516195036471
0.026652319403365255
0.027908349130302667
0.030450815986841916
0.02943521933630109
0.030250493343919514
0.027611867152154447
0.0321556119248271
0.02984383711591363
0.026891454169526697
0.028270830400288105
0.028748288564383984
0.02772072162479162
0.0315508374478668
0.026241295877844094
0.026483161374926567
0.02935338909737766
0.028735793940722943
0.029249462904408573
0.027307912614196538
0.024667367292568087
0.028942377492785453
0.03005613125860691
0.02771218726411462
0.028728436166420578
0.026891175610944628
0.026381430495530368
0.02796410801820457
0.028735145507380367
0.028885330725461244
0.026970315212383866
0.027039717976003887
0.025049963779747487
0.028836928866803647
0.025971180759370327
0.02644158052280545
0.028671280294656754
0.026383912097662686
0.030531067680567504
0.03130595702677965
0.03032035529613495
0.027697578025981783
0.02511088317260146
0.031324756890535356
0.028199075488373637
0.026452486403286457
0.031143341585993765
0.030657061934471132
0.027529756212607025
0.0281028944067657
0.027112368494272232
0.025743809482082724
0.028060277830809353
0.031991503480821845
0.03284215433523059
0.02881929697468877
0.02820805022493005
0.02613001656718552
0.02490197792649269
0.025061532808467745
0.029506293032318352
0.028655431512743235
0.03052367800846696
0.027422122238203884
0.027967934589833023
0.028468806063756347
0.028432530350983143
0.030163079779595137
0.025251256581395865
0.0303598178550601
0.029630192229524253
0.02610350479371846
0.028443602751940487
0.030916150007396937
0.03176734065636992
0.02852224772796035
0.025876751588657498
0.03292887331917882
0.0259069646243006
0.029324795212596656
0.027860352629795672
0.02926314719952643
0.029272705595940352
0.03532283753156662
0.027265214640647174
0.03032459821552038
0.028162678703665733
0.03296278221532702
0.02747057587839663
0.028794110659509896
0.029694782197475435
0.026040383521467446
0.026305816415697337
0.024795528734102845
0.025756220612674952
0.026420559827238323
0.029373461147770286
0.027890736144036053
0.02896828334778547
0.028311467729508877
0.02980821831151843
0.02925444897264242
0.028149903938174247
0.03006101055070758
0.025372102949768306
0.028059288300573824
0.029704964114353062
0.029824012145400047
0.02974132038652897
0.026525317505002022
0.02793165687471628
0.028025011252611875
0.03162824911996722
0.026695370860397815
0.02683466160669923
0.027089558355510236
0.02791656497865915
0.02934502260759473
0.026360335852950813
0.0272617282345891
0.02580402693711221
0.02962809419259429
0.027494408562779425
0.030298509635031223
0.024939404521137475
0.024096821993589403
0.027986279223114252
0.029517259495332838
0.02770023550838232
0.030335191683843733
0.02793224835768342
0.025185426510870457
0.027744526416063307
0.02643758589401841
0.028237579576671123
0.02564875134266913
0.029880069848150014
0.026239228434860706
0.031243330240249632
0.03164754332974553
0.026832380890846254
0.030748743936419486
0.030876221880316735
0.025404125545173885
0.028977605514228344
0.026064162142574787
0.026340935891494156
0.02701648762449622
0.0277407749556005
0.028389032837003468
0.027651762822642922
0.025887950509786605
0.025335688143968582
0.029209807235747575
0.025301655987277627
0.025736295524984597
0.024428596813231708
0.030346137564629318
0.02855246081016958
0.028456970117986202
0.02512357379309833
0.02577887293882668
0.024830703577026724
0.02826987477019429
0.027037076093256472
0.022794566582888365
0.026106193009763957
0.026438166666775943
0.026554908044636248
0.0262032697442919
0.03287100344896317
0.025368274934589864
0.031079945620149374
0.024079604912549256
0.02627662820741534
0.026468911115080117
0.030288938153535127
0.025737214973196386
0.02477242792956531
0.02791045163758099
0.031543724704533815
0.02637466723099351
0.028295725816860795
0.024175188224762677
0.02681209924630821
0.02755010798573494
0.024716984247788787
0.025127367582172155
0.029057776648551227
0.025211542565375566
0.02404793226160109
0.02746990630403161
0.03029538718983531
0.02505295481532812
0.027040754538029434
0.024869764037430287
0.03303635446354747
0.02534747002646327
0.029957358073443175
0.023491164902225137
0.02238671057857573
0.024069937271997334
0.02735937456600368
0.025051868706941604
0.02501808158122003
0.027544801076874136
0.025625632097944617
0.024183823121711613
0.025589266419410707
0.025257199769839644
0.027354772156104445
0.026724275015294553
0.025750358309596776
0.02546705836430192
0.025580543093383312
0.024961078818887473
0.028897177847102284
0.027276243083178997
0.02608975856564939
0.03013773011043668
0.0290634389501065
0.024534450843930244
0.02333136135712266
0.026484040915966033
0.024826461216434836
0.027027600863948464
0.027016377449035643
0.02614244669675827
0.025590486638247967
0.025455971853807567
0.025892087398096918
0.024467691872268917
0.025938950013369322
0.02540487009100616
0.02488724165596068
0.023902149172499776
0.02605835720896721
0.026788584189489484
0.02640191139653325
0.027642966248095036
0.026256792107596995
0.0257450551725924
0.027592052426189183
0.02352222492918372
0.026585797686129807
0.02463336968794465
0.02877117577008903
0.026251581311225892
0.0265664694365114
0.02985758110880852
0.025691928155720235
0.023512454936280847
0.02746228496544063
0.025568164885044098
0.02780591631308198
0.022680400870740414
0.026214440213516356
0.029644071124494076
0.02191449636593461
0.025410074926912784
0.025946555938571692
0.02286970280110836
0.02530658203177154
0.026736991200596093
0.02402509255334735
0.024739310378208756
0.024271097965538502
0.026609617052599788
0.0270728362724185
0.024246824067085983
0.026304032001644374
0.027054768055677414
0.02964738802984357
0.026749577093869447
0.02420060378499329
0.026436227699741723
0.024708579340949655
0.024825709965080024
0.025125190103426575
0.024261541664600372
0.027893439028412105
0.024028762197121977
0.02355246152728796
0.023527035349979998
0.0250251361168921
0.02718811370432377
0.027660278091207146
0.02775050066411495
0.02918862015940249
0.023503926442936064
0.026554958941414953
0.02304373853839934
0.026813346333801745
0.02690174337476492
0.022532257018610835
0.026705284928902985
0.024916773475706578
0.025165859470143916
0.022315282234922053
0.023952004266902804
0.027380129788070917
0.025704337749630213
0.0233548273332417
0.026332865422591566
0.02419366887770593
0.02231093687005341
0.02434019111096859
0.02546821255236864
0.024816829524934293
0.024264333210885523
0.023990990314632653
0.023955516610294582
0.0233638116158545
0.029194204788655042
0.022163659660145642
0.02677353345789015
0.0249953034799546
0.023622763250023125
0.029156873654574155
0.025773441046476366
0.025461068982258438
0.026911397837102412
0.025573162036016582
0.02662372509948909
0.026599073130637408
0.024326137965545058
0.02444362468086183
0.02599946022965014
0.02104353434406221
0.02648373516276479
0.026503040734678508
0.023460715916007756
0.024463248997926713
0.023792880587279797
0.024937425414100288
0.027324834698811175
0.02503058430738747
0.024988814955577254
0.02551223337650299
0.022992906300351022
0.026842693472281097
0.0253496534191072
0.023739892151206733
0.024873753450810908
0.02724938141182065
0.026266294391825797
0.02618812248110771
0.023865963565185666
0.02491105659864843
0.02575261890888214
0.02584723844192922
0.02549010794609785
0.027407301776111125
0.02705899504944682
0.02713963445276022
0.023312380770221353
0.026585132535547017
0.02504447135142982
0.027329083951190113
0.025986014073714613
0.023918763175606726
0.021600614348426462
0.02565378397703171
0.022236703801900147
0.024645775137469173
0.024856815673410894
0.02494125342927873
0.023654072685167192
0.025421037198975684
0.02606531558558345
0.022272471291944384
0.024159324029460548
0.0270953088067472
0.0268149321898818
0.02723844926804304
0.026462871814146638
0.02241629003547132
0.026783413719385862
0.023941436083987355
0.024188937433063985
0.028760203160345554
0.024483426846563815
0.024051476968452334
0.02372309323400259
0.026398356771096587
0.026308345142751932
0.02884069290012121
0.02491405876353383
0.027412297623232006
0.024045039853081106
0.024847389897331595
0.020716026378795504
0.028658251371234657
0.024010025011375547
0.023895687935873867
0.026336473086848854
0.022663843585178256
0.025133577920496464
0.026140085235238076
0.02917464035563171
0.0252507914789021
0.027815801091492176
0.02192600555717945
0.026023447653278707
0.03040504865348339
0.024595672683790325
0.022908592224121095
0.024098375160247088
0.02530809435993433
0.023839686159044506
0.019447284983471036
0.02459574965760112
0.022529902681708337
0.023171430546790363
0.02131637092679739
0.02429278357885778
0.023048907797783614
0.02407367401756346
0.02483525020070374
0.025740139093250035
0.023880028165876865
0.026470287749543787
0.024599366495385765
0.024785550218075512
0.029025790421292184
0.025477919541299344
0.021681292075663806
0.022773704025894403
0.023650722997263073
0.02724488014355302
0.026824073307216166
0.02619804460555315
0.02170784375630319
