20.5684995402582
20.26474954704754
20.565832873651136
20.784249535435812
20.681799537725748
20.76958286909697
20.853499533887952
20.9704995312728
21.026388418912475
21.156699527110906
21.211272253163838
21.24979119169681
21.32546106180033
21.406106664393363
21.41306618804733
21.472874520043842
21.494352460740245
21.52480507443866
21.574894254605628
21.570549517860638
21.564689994182082
21.567567699745467
21.581260387186447
21.6019161838262
21.633359516456725
21.658557208201202
21.684258774578296
21.705338800562146
21.731361583231724
21.745982847272728
21.763176932909918
21.77579638827301
21.79936314910989
21.81949951229617
21.82938522636092
21.849443956071305
21.871837348964167
21.870223195372933
21.884858485194258
21.90216201044852
21.91015804685516
21.908701891254722
21.913685556702575
21.929044964393093
21.94469950949773
21.951553857170612
21.959244190023696
21.971603675563042
21.985244406550667
21.99030950847827
22.000244606295418
22.01219181568147
22.030593847200485
22.042064322136273
22.054644961585716
22.058633435522538
22.065999506786465
22.06529261025054
22.070558828718454
22.069016173385705
22.074179834472474
22.06847531318274
22.073309030432608
22.079538568983843
22.087745660146556
22.091113142588767
22.09632040163113
22.093021565006005
22.097325593042793
22.100106648881255
22.105147393235384
22.10515228368911
22.11139676604573
22.117317073206998
22.125226172129313
22.128933715906093
22.132921583212717
22.13560206933329
22.14236659368712
22.14645575498813
22.150894566617307
22.156304382816774
22.160752516716762
22.168820933059656
22.175599504336716
22.174528574128093
22.18091329732139
22.189533594934353
22.193403998320775
22.19015505956693
22.196906097267068
22.20016254726595
22.203123159635492
22.2016218441806
22.203599503710866
22.210905753547557
22.21093249323768
22.216065829962833
22.22374192750307
22.230719503104687
22.251304502644576
22.277144502067006
22.291899501737205
22.30164450151939
22.32572450098116
22.33800450070668
22.35133950040862
22.357254500276408
22.359374500229023
22.36379450013023
22.372524499935096
22.382599499709904
22.380929499747232
22.378414499803448
22.38803449958842
22.38722449960653
22.393999499455095
22.398664499350822
22.403029499253257
22.41186949905567
22.423934498785997
