-0.05546262599527836
-0.05505459848791361
-0.05485929884016514
-0.05460024736821652
-0.053855518065392974
-0.05257409885525703
-0.05267434269189834
-0.05182791464030743
-0.05157610401511192
-0.05170602556318045
-0.051826249621808526
-0.05214238688349724
-0.051841923594474794
-0.05138827431946993
-0.05171375889331102
-0.05097905937582255
-0.05168099664151669
-0.051246803067624566
-0.0510392427444458
-0.051439796760678294
-0.05128585025668144
-0.05066829808056354
-0.0517050826922059
-0.05029364321380854
-0.050508822128176686
-0.05088291969150305
-0.050336656905710694
-0.05057505387812853
-0.05003062710165977
-0.05005926098674536
-0.05016277488321066
-0.049784010462462905
-0.04977165367454291
-0.04921160619705915
-0.04902824778109789
-0.048569856025278565
-0.04891704041510821
-0.048955231718719
-0.04858662374317646
-0.048920330591499805
-0.04905413612723351
-0.04872509967535734
-0.04806246291846037
-0.048221643455326556
-0.04782238714396954
-0.047394660115242
-0.04795778580009937
-0.047904765233397484
-0.04728386737406254
-0.04694829788058996
-0.04711933434009552
-0.04680557753890753
-0.04662384614348412
-0.0471786068752408
-0.04651023503392935
-0.04598735254257917
-0.04740902781486511
-0.046589038148522374
-0.04625905621796846
-0.04612876046448946
-0.045876406133174896
-0.04580501187592745
-0.04586571510881186
-0.045416824892163275
-0.04509170185774565
-0.044995595887303355
-0.04474971555173397
-0.04498152825981379
-0.044470466673374176
-0.04467279817909002
-0.04402916356921196
-0.0439359275624156
-0.04452208187431097
-0.044772857800126076
-0.043610546924173835
-0.043687323667109014
-0.0429319504648447
-0.04371063355356455
-0.04365731328725815
-0.042982015572488305
-0.04323193244636059
-0.042022226564586165
-0.042739078775048255
-0.04195494540035725
-0.041803004778921606
-0.04226219765841961
-0.04205513373017311
-0.041697179712355134
-0.0423552718013525
-0.04132089838385582
-0.04117895364761352
-0.0411365507170558
-0.04154171235859394
-0.04096628241240978
-0.0407673604786396
-0.041487049870193006
-0.0406798867508769
-0.040617509931325915
-0.040670293010771276
-0.04050667230039835
-0.04047971144318581
-0.04070042483508587
-0.03964674398303032
-0.04074638914316893
-0.03960665818303823
-0.039385868795216085
-0.04006312489509582
-0.03901117779314518
-0.039671802707016465
-0.03913044799119234
-0.03863168060779572
-0.04000208843499422
-0.03977690376341343
-0.03928494453430176
-0.03984998483210802
-0.03872958477586508
-0.0388994388282299
-0.03932494670152664
-0.039406404457986356
-0.03907385189086199
-0.03900651335716247
-0.0397783175110817
-0.039154560305178165
-0.039954979345202445
-0.03919378370046615
-0.03829411789774895
-0.039729495905339716
-0.03995205070823431
-0.03787112087011337
-0.039160756208002565
-0.039726871997117996
-0.03834906797856093
-0.038890089467167856
-0.03953835479915142
-0.03816802520304918
-0.03889734111726284
-0.03848282881081104
-0.03850340787321329
-0.03952420726418495
-0.0393580473959446
-0.03890812918543816
-0.03870357628911734
-0.03942359909415245
-0.038275765255093575
-0.03984040934592485
-0.03836103808134794
-0.03897982854396105
-0.0398588003590703
-0.03900943398475647
-0.03769579045474529
-0.039514975249767305
-0.0386894091963768
-0.03876983989030123
-0.03933735322207212
-0.03862295970320702
-0.0406711058691144
-0.03872048892080784
-0.03993417676538229
-0.039442806504666805
-0.039409765787422654
-0.039986472204327585
-0.03925454895943403
-0.04014533031731844
-0.03886277750134468
-0.03998298570513725
-0.03880997765809298
-0.039625337719917296
-0.040239717066288
-0.03997627329081297
-0.040933731757104394
-0.039540402777493
-0.040403003618121144
-0.0400777917355299
-0.03987632393836975
-0.04091986715793609
-0.0400784321129322
-0.040634097531437874
-0.040960372984409334
-0.04050449728965759
-0.04101880732923746
-0.04077509585767984
-0.04005987346172333
-0.04073586668819189
-0.04177714269608259
-0.041895387880504134
-0.04033849090337753
-0.04137590806931257
-0.04216552935540676
-0.04312664959579706
-0.04268664103001356
-0.04356650467962027
-0.04217556957155466
-0.042524958960711956
-0.042798280343413354
-0.04404550418257713
-0.04284464530646801
-0.04311230182647705
-0.042476180382072924
-0.0431921312585473
-0.04267886728048324
-0.04358770065009594
-0.04458694960922003
-0.04444464743137359
-0.04452426768839359
-0.04411505106836557
-0.044638407230377194
-0.04461506009101868
-0.045650932006537914
-0.0441740483045578
-0.04554419424384833
-0.04699558801949024
-0.04460464138537645
-0.04537156112492084
-0.044981755502521995
-0.045415572822093964
-0.04524289388209581
-0.045866499468684194
-0.0468683373183012
-0.0474531402811408
-0.04668213110417128
-0.0476004833355546
-0.04785167295485735
-0.04842897728085518
-0.045914286933839324
-0.04794123023748398
-0.0487645611166954
-0.04646199736744165
-0.04893352892249823
-0.04947875142097473
-0.04806540515273809
-0.04888071976602078
-0.049956942535936834
-0.04972745832055807
-0.04785777367651463
-0.04976361803710461
-0.0490845549851656
-0.04973503910005093
-0.050681695342063904
-0.05094391088932752
-0.05055314991623163
-0.05127976182848215
-0.0506412036716938
-0.050809000991284846
-0.051443745754659174
-0.052847030200064184
-0.05183151476085186
-0.05246766395866871
-0.05346322022378445
-0.05151661317795515
-0.0533451272174716
-0.05266451928764582
-0.053545191138982776
-0.0546845817938447
-0.053794513642787936
-0.05377498026937246
-0.053117069974541666
-0.05457579679787159
-0.05634060800075531
-0.05483309458941221
-0.0547426825389266
-0.05399560164660215
-0.056187407299876216
-0.05655936021357775
-0.056614964827895166
-0.05728860851377249
-0.057708077132701874
-0.057947909273207185
-0.05624569933861494
-0.058222127892076966
-0.05795239172875881
-0.05677091982215643
-0.05857219193130732
-0.059534110873937604
-0.059683427959680554
-0.059357883594930175
-0.05932498071342707
-0.06078833304345608
-0.05757897291332483
-0.05830546859651804
-0.05851413886994124
-0.06207950282841921
-0.06213530264794827
-0.060558616556227206
-0.06072633434087038
-0.061025851778686045
-0.062209186516702174
-0.062012200430035594
-0.06145892012864351
-0.06373486239463091
-0.06366793680936098
-0.06332867536693812
-0.06274202018976212
-0.06364348605275154
-0.06372874714434147
-0.06396215558052062
-0.06355383079499007
-0.06502145025879144
-0.06666781585663557
-0.06673278342932462
-0.06543793752789498
-0.06582965888082981
-0.06665317006409169
-0.06699706614017487
-0.06581248007714749
-0.06550648659467698
-0.06781750060617923
-0.06749605219811201
-0.06659907195717096
-0.06832860130816698
-0.07034361623227596
-0.06770321484655142
-0.06858984362334013
-0.0702245932072401
-0.06869697459042072
-0.07016179617494345
-0.06984725520014763
-0.07118469048291445
-0.0715423772111535
-0.07109743170440197
-0.07036013230681419
-0.0731366727501154
-0.0721066102385521
-0.07119777351617813
-0.07310425117611885
-0.07301761228591204
-0.07237994186580181
-0.07266611978411674
-0.07357444912195206
-0.07537520043551922
-0.07257356941699981
-0.07580699734389781
-0.07570165693759918
-0.07507084161043168
-0.07363760694861413
-0.07559652402997016
-0.07450527884066105
-0.07924573607742787
-0.07540636286139488
-0.07585137337446213
-0.07716760747134685
-0.07659354247152805
-0.07619222812354565
-0.07842797674238682
-0.07795362994074821
-0.07855232059955597
-0.07747837640345097
-0.0804897390305996
-0.07881668880581856
-0.07876554913818837
-0.07998128719627857
-0.07965977676212788
-0.08119692020118237
-0.08132090158760548
-0.08073331005871295
-0.0831917267292738
-0.078720473498106
-0.08219683729112148
-0.08481869995594024
-0.08528751246631146
-0.0818606324493885
-0.0834421269595623
-0.08655680604279041
-0.08526398837566376
-0.08795080669224262
-0.08570108376443386
-0.08597083427011967
-0.08571952395141125
-0.08666066601872444
-0.08677827753126621
-0.08579537272453308
-0.08699613325297832
-0.08654532618820668
-0.08741096071898938
-0.0873183760792017
-0.087755361571908
-0.08658364154398442
-0.09026486575603485
-0.08924655951559543
-0.09070898368954658
-0.0908209964632988
-0.09033229537308216
-0.09154947213828564
-0.09105859212577343
-0.09439507015049457
-0.090541310608387
-0.08993464261293412
-0.09029873386025429
-0.09327965565025806
-0.09362084157764912
-0.09118753373622894
-0.09320814982056617
-0.0927783701568842
-0.09416807070374489
-0.09656042903661728
-0.09508509263396263
-0.09337948635220528
-0.09712975136935711
-0.09846429899334908
-0.09866259656846524
-0.09516537189483643
-0.09662303365767003
-0.10118208341300487
-0.09784218557178974
-0.09757505767047406
-0.09983751215040684
-0.09844948314130306
-0.1001051764935255
-0.09783744029700756
-0.10054020881652832
-0.10320663303136826
-0.1023194745182991
-0.10139249935746193
-0.1037583328783512
-0.10357483923435211
-0.10361755825579166
-0.10645048692822456
-0.10249020792543888
-0.10771498866379262
-0.10537968017160892
-0.10824730545282364
-0.1057430248707533
-0.10822712481021882
-0.106605439260602
-0.10632340461015702
-0.10805969014763832
-0.10752041675150395
-0.10791284404695034
-0.108119161054492
-0.11029756814241409
-0.11066656112670899
-0.11242065280675888
-0.11192208714783192
-0.1114826738834381
-0.10969168804585934
-0.11148428432643413
-0.11254437454044819
-0.11167673468589782
-0.11026939600706101
-0.11558210290968418
-0.11317877285182476
-0.11462197005748749
-0.1133070670068264
-0.11630657128989697
-0.11738223806023598
-0.11721140928566456
-0.11760108098387718
-0.11767542511224746
-0.11784586161375046
-0.11620135046541691
-0.11736138612031936
-0.1167962547391653
-0.1183665081858635
-0.12172277085483074
-0.11742785908281803
-0.12088725231587887
-0.11883338689804077
-0.12484468221664428
-0.12301062680780887
-0.12406140752136707
-0.12149841673672199
-0.1259468372911215
-0.1250316057354212
-0.12036412209272385
-0.12412966564297676
-0.12563561014831065
-0.12625853084027766
-0.1269296508282423
-0.1280130386352539
-0.12996681556105613
-0.12634187154471874
-0.12728738635778428
-0.1281983733177185
-0.12663595490157603
-0.13125697374343873
-0.13080656416714193
-0.12943433299660684
-0.12875602580606937
-0.1342835620045662
-0.13002036064863204
-0.13055383637547494
-0.1338662553578615
-0.13232507556676865
-0.13274106197059155
-0.13330023400485516
-0.13477661795914173
-0.1375115193426609
-0.13577816113829613
-0.13796506337821485
-0.13805422075092794
-0.1399913653731346
-0.13693250566720963
-0.13906069993972778
-0.13723115921020507
-0.1387345243245363
-0.14188606329262257
-0.1396451398730278
-0.1404901586472988
-0.14137982875108718
-0.14236440435051917
-0.14162671491503714
-0.14436996430158616
-0.14334387257695197
-0.14205320924520493
-0.1429652489721775
-0.14326894134283066
-0.14546884670853616
-0.14460260644555092
-0.1518186293542385
-0.14846104755997658
-0.14525373168289663
-0.14603973552584648
-0.14591084495186807
-0.14600320905447006
-0.14864108413457872
-0.14715931825339795
-0.15088373199105262
-0.1534874089062214
-0.15348984226584433
-0.14987682476639747
-0.1518476389348507
-0.15292742922902108
-0.1533772900700569
-0.1528018072247505
-0.1548446908593178
-0.156776562333107
-0.15110154896974565
-0.15399966537952423
-0.1578012816607952
-0.15391742661595345
-0.1593036487698555
-0.1566478542983532
-0.15641354992985726
-0.1607036530971527
-0.15775249898433685
-0.1600633293390274
-0.1654235154390335
-0.16406715139746667
-0.16238592490553855
-0.16160177662968636
-0.16021530255675315
-0.1627142570912838
-0.1607699915766716
-0.16447890251874925
-0.16430897936224936
-0.16648200377821923
-0.16459416151046752
-0.16982031241059303
-0.16572070941329003
-0.16583654433488845
-0.16653451547026635
-0.16635095626115798
-0.16953596621751785
-0.1681412138044834
-0.1713953956961632
-0.17079195007681847
-0.1678784742951393
-0.17397542521357537
-0.17772737964987756
-0.17003030478954315
-0.1722238726913929
-0.1735730580985546
-0.1759055733680725
-0.1742231823503971
-0.17529307305812836
-0.1793675057590008
-0.17601586282253265
-0.17693399786949157
-0.17685458734631537
-0.17834414839744567
-0.17774612307548524
-0.18392324075102806
-0.18199396431446074
-0.18055174872279167
-0.18157425299286842
-0.180186665058136
-0.18398279771208764
-0.1860606275498867
-0.18026076778769493
-0.18161206245422362
-0.18573951870203018
-0.18274410739541053
-0.18304525315761566
-0.18956076055765153
-0.18286602795124055
-0.1842605322599411
-0.18711915388703346
-0.18889130726456643
-0.18728520944714547
-0.18957570642232896
-0.18974125757813454
-0.1890902042388916
-0.18976792842149734
-0.18857684209942818
-0.1905914217233658
-0.19078171774744987
-0.19450674057006836
-0.1921030953526497
-0.19730873107910157
-0.19609320908784866
-0.1963346004486084
-0.19480484426021577
-0.18948925286531448
-0.1942281499505043
-0.1932584136724472
-0.20087260007858276
-0.19555719718337058
-0.19667381495237352
-0.19625333845615386
-0.1988951213657856
-0.20050404220819473
-0.19896342903375625
-0.19615725576877593
-0.2005083054304123
-0.20040528774261473
-0.2001816101372242
-0.2013324461877346
-0.20130058079957963
-0.20487705394625663
-0.20191393420100212
-0.2038041166961193
-0.20752007216215135
-0.20709753558039665
-0.20448982566595078
-0.2022814318537712
-0.20474328845739365
-0.20702130123972892
-0.20707840248942375
-0.20227997675538062
-0.2068690240383148
-0.2062844716012478
-0.21184096708893776
-0.2095008134841919
-0.2074640601873398
-0.20765766128897667
-0.20890433639287947
-0.21156720370054244
-0.21120401546359063
-0.21147414222359656
-0.21552761718630792
-0.21365385502576828
-0.2129841037094593
-0.2135581597685814
-0.21534596905112266
-0.21609363481402397
-0.2108449511229992
-0.21473218128085136
-0.21657083332538604
-0.2132620930671692
-0.2202313832938671
-0.21521498411893844
-0.21472499370574952
-0.21431770622730256
-0.2166346415877342
-0.2168125331401825
-0.2183708630502224
-0.21752367466688155
-0.21601937040686608
-0.22150387093424798
-0.22081290632486344
-0.22107081040740012
-0.2228916607797146
-0.22496518716216088
-0.22365156039595604
-0.22244176566600798
-0.22385205924510956
-0.22254721820354462
-0.22233856245875358
-0.22784295231103896
-0.22754395455121995
-0.2253545641899109
-0.22309610545635222
-0.22729911431670188
-0.22439268454909325
-0.22536255344748496
-0.2282378666102886
-0.22792524695396424
-0.22629182562232017
-0.226591607183218
-0.2317848615348339
-0.2295584760606289
-0.22857942208647727
-0.23091054931282998
-0.22570116221904754
-0.22915678322315217
-0.23099607676267625
-0.22933367788791656
-0.23112100660800933
-0.22905111759901048
-0.23092938214540482
-0.23184097781777382
-0.23202747255563735
-0.23142284229397775
-0.23436853811144828
-0.23819244280457497
-0.23414118140935897
-0.23361163288354875
-0.23706402331590654
-0.23512315079569818
-0.23818816468119622
-0.2376513436436653
-0.23280917555093766
-0.23823310136795045
-0.23807314038276672
-0.23574893400073052
-0.23643215894699096
-0.23686999082565308
-0.2403992511332035
-0.23817809596657752
-0.23581643849611283
-0.24221214950084685
-0.240976083278656
-0.2422253221273422
-0.2414948172867298
-0.24505152106285094
-0.2368944026529789
-0.2423870638012886
-0.24430726170539857
-0.2418782152235508
-0.24538903310894966
-0.24831924363970756
-0.24441078081727027
-0.23964338079094888
-0.2444280967116356
-0.2402702145278454
-0.2430964805185795
-0.2464999847114086
-0.24444335252046584
-0.2460221417248249
-0.2490132689476013
-0.24469182789325714
-0.24739815592765807
-0.24532942622900009
-0.24871590062975885
-0.24733162820339202
-0.2496091291308403
-0.2497364342212677
-0.24640400111675262
-0.25052370354533193
-0.2502236358821392
-0.25029245764017105
-0.2458144836127758
-0.24869232699275018
-0.2494688279926777
-0.254956541210413
-0.25235650688409805
-0.2507385566830635
-0.25155349969863894
-0.2511970460414886
-0.2522376701235771
-0.25130105167627337
-0.2516697093844414
-0.25046875029802323
-0.2545535385608673
-0.25433300286531446
-0.24927072674036027
-0.2583151586353779
-0.25218524113297464
-0.25470550507307055
-0.25277999341487883
-0.2568906232714653
-0.2576806716620922
-0.2554295375943184
-0.25906782820820806
-0.25606913566589357
-0.2527379967272282
-0.259662114828825
-0.2562269903719425
-0.2566820040345192
-0.2596285119652748
-0.25895278304815295
-0.2592530496418476
-0.2574850246310234
-0.2579349376261234
-0.2583119347691536
-0.257903703302145
-0.26002752855420114
-0.2591956198215485
-0.26012858301401137
-0.26172733008861543
-0.25935509502887727
-0.26063259690999985
-0.26115221083164214
-0.2644333079457283
-0.2575923390686512
-0.25938175022602084
-0.26250179260969164
-0.2663650557398796
-0.2602284736931324
-0.2616709217429161
-0.2612498410046101
-0.2614589899778366
-0.26188272684812547
-0.26930945813655854
-0.2692096643149853
-0.2672178477048874
-0.2624324202537537
-0.26631022691726686
-0.26337065249681474
-0.2636309839785099
-0.2680891118943691
-0.2658062271773815
-0.2661666817963123
-0.26501800790429114
-0.26763704121112825
-0.2670204058289528
-0.26663278937339785
-0.2674032047390938
-0.26538745164871214
-0.2667147025465965
-0.2653984136879444
-0.2651894599199295
-0.26777648404240606
-0.2698218420147896
-0.271717344224453
-0.26778611317276957
-0.2660773918032646
-0.2677959196269512
-0.27272702306509017
-0.26737654358148577
-0.27160355970263483
-0.27291340529918673
-0.2695774078369141
-0.2714720144867897
-0.26853172555565835
-0.2748334720730782
-0.2695619612932205
-0.2689127288758755
-0.27576683312654493
-0.27223001718521117
-0.271219938993454
-0.27731328904628755
-0.2746316373348236
-0.2728000670671463
-0.27069998532533646
-0.2729146510362625
-0.2765305295586586
-0.27094508409500123
-0.27362539768218996
-0.2743209064006805
-0.2706638604402542
-0.27652486562728884
-0.272392737865448
-0.2751671686768532
-0.27679969519376757
-0.27492811977863313
-0.27986555695533755
-0.27636068016290666
-0.2747456893324852
-0.2748998090624809
-0.27815438210964205
-0.279120697081089
-0.2802683666348457
-0.2740150451660156
-0.27501106560230254
-0.27577041611075404
-0.2799042284488678
-0.2775884985923767
-0.2760187491774559
-0.27447112947702407
-0.28068746626377106
-0.2761958748102188
-0.2797402501106262
-0.2754486337304115
-0.280552276968956
-0.2826553463935852
-0.2792563661932945
-0.28232298642396925
-0.28199717253446577
-0.2796816885471344
-0.2812824368476868
-0.2797540113329887
-0.27726958245038985
-0.2774033710360527
-0.28089098930358886
-0.27949975430965424
-0.28211370408535
-0.2841795414686203
-0.27828260958194734
-0.28196379989385606
-0.27902796119451523
-0.287221160531044
-0.27972316592931745
-0.28764340132474897
-0.2811420142650604
-0.284390477836132
-0.2847878813743591
-0.2863616973161697
-0.2859648898243904
-0.28194953203201295
-0.28509164303541185
-0.2851076513528824
-0.28558912724256513
-0.2859198659658432
-0.28508584648370744
-0.2849003329873085
-0.28584019392728804
-0.28555532842874526
-0.28510091453790665
-0.2883221536874771
-0.28623147010803224
-0.2855993539094925
-0.28696915209293367
-0.28618389219045637
-0.28719142228364947
-0.2857839345932007
-0.2855083033442497
-0.2874032869935036
-0.2872936576604843
-0.28645243495702744
-0.29008474946022034
-0.2902178019285202
-0.2875519976019859
-0.28821225464344025
-0.2920111447572708
-0.28858068883419036
-0.2885061100125313
-0.28562830090522767
-0.28762870132923124
-0.28769469559192656
-0.2883733794093132
-0.2850607842206955
-0.2883280500769615
-0.28331220597028733
-0.2857076346874237
-0.29090697318315506
-0.2889895558357239
-0.2889850243926048
-0.291646783053875
-0.29017317444086077
-0.2945350229740143
-0.29070733934640886
-0.2889949902892113
-0.2878548875451088
