0.005391930532641709
0.002760077308630571
0.0015903387306025253
0.003327176405582577
0.0026852047129068525
0.002482497738674283
0.00317690740339458
0.0035106233961414548
0.003270762576721609
0.003958425938617438
0.0038557570485863836
0.003969009610591457
0.003615812899079174
0.0038051646552048624
0.004359972255770117
0.004005094233434647
0.0041196694015525285
0.004356280725914985
0.004902655666228384
0.0053698633681051435
0.004963990399846807
0.004824046755675227
0.005669488501735031
0.0048214152688160535
0.005152094177901745
0.004820101056247949
0.004710485297255218
0.004899805458262563
0.005333802383393049
0.005279918434098363
0.005781067395582795
0.005654490925371647
0.005864650651346892
0.005000918766018003
0.006294667674228549
0.005923572822939605
0.0057521193288266655
0.00617027822881937
0.006118976278230548
0.006165784527547657
0.006264561763964593
0.0074714275309816
0.0060510311159305274
0.00831416544970125
0.007685240474529564
0.006655870238319039
0.007643801299855113
0.006955266022123397
0.007226143404841423
0.006385141506325453
0.007990538340527565
0.0073623669566586615
0.007191287819296122
0.00808775092009455
0.008475402020849288
0.007815605553332716
0.009097168734297157
0.007625417783856392
0.008469530567526817
0.007887511188164354
0.009125097747892141
0.009391384059563279
0.009333584096748383
0.010649357829242945
0.009828857379034162
0.008488585753366352
0.008771683508530258
0.009326813253574073
0.009797715360764413
0.010415606759488582
0.009196557942777872
0.009984165127389134
0.010807591024786234
0.011190216918475927
0.010910250642336906
0.010144403856247663
0.011388129042461514
0.010850653797388077
0.010601320932619274
0.011341134901158512
0.011156267207115888
0.008697190042585134
0.01167262988165021
0.011189840687438845
0.012382362550124527
0.011818754556588828
0.011776978499256074
0.011794878891669214
0.012815510691143572
0.011648365948349237
0.011749141989275813
0.01350542837753892
0.014700124133378267
0.012330350582487881
0.014041536767035723
0.013124492415226997
0.015696644852869212
0.014767859317362308
0.013920574821531773
0.013654809165745973
0.014129546470940113
0.01450535268522799
0.014793044282123446
0.013999712886288762
0.013220667676068842
0.01576163908466697
0.01583251606207341
0.014268083008937537
0.01747504889499396
0.01616978095844388
0.01668012556619942
0.02023459952324629
0.017967004491947592
0.01671917240601033
0.017519412003457545
0.016606971225701272
0.01801766245625913
0.01711591756902635
0.017143652494996785
0.0173143255058676
0.017236886080354452
0.016413790453225375
0.017708887392655016
0.017806031554937363
0.017513342294842006
0.018911511451005936
0.017954561300575732
0.017419035825878382
0.0166698532178998
0.01890028235502541
0.021405039448291065
0.020080239837989212
0.01933933231048286
0.02162051503546536
0.019163976749405266
0.01907709101215005
0.019596223114058377
0.020815510535612702
0.01944295489229262
0.022661747131496667
0.019413031917065383
0.02166036330163479
0.023638503951951863
0.020907749934121967
0.02450107131153345
0.019229101156815885
0.021593728521838784
0.021553630474954844
0.023055087262764572
0.021004675514996053
0.02194132599979639
0.021239170292392372
0.0225666135083884
0.024079241696745156
0.024532410176470877
0.024658344872295856
0.022300683706998826
0.02532002958469093
0.023039632383733986
0.023057203413918613
0.02510548196732998
0.023650953732430934
0.024399198312312364
0.025016323383897542
0.0261501204688102
0.02611433030106127
0.025462139397859573
0.02525103115476668
0.024558973498642445
0.024660849198698997
0.02667782725766301
0.026581039652228355
0.028732785768806935
0.02569705550558865
0.025859266798943282
0.025047961343079805
0.028960160445421934
0.026360537437722088
0.02547557051293552
0.027798098418861626
0.028221016842871906
0.026343331765383483
0.030449169874191283
0.02772300662472844
0.030838528601452708
0.02692762529477477
0.026821519248187542
0.027135863341391085
0.03023169278167188
0.0313023985363543
0.029255888238549233
0.027687607426196338
0.030878922156989574
0.030044395476579666
0.030814028717577456
0.02869103467091918
0.034332475159317255
0.03153617791831494
0.03217243840917945
0.03345262194052338
0.03371761133894324
0.032278872188180686
0.028975748736411334
0.030355683248490094
0.03225572258234024
0.0356777174398303
0.033893612772226335
0.03298614136874676
0.030876456946134567
0.030495334509760143
0.03318799380213022
0.03189362045377493
0.031812085025012496
0.03315785164013505
0.03230025004595518
0.035789732541888955
0.032325124554336074
0.03367282319813967
0.03612450296059251
0.03440683176741004
0.0349659931845963
0.037233667355030774
0.03475257996469736
0.02936024097725749
0.03343616845086217
0.03663309579715133
0.034682745672762395
0.03293020352721214
0.033473126031458376
0.03603770388290286
0.03456046916544438
0.0356459716334939
0.034757049009203914
0.03347492599859834
0.040997262205928565
0.038874374609440564
0.034120713360607624
0.03741956455633044
0.037397950515151025
0.03843815689906478
0.03993640970438719
0.03962690746411681
0.038045591488480565
0.038488464150577786
0.03900430509820581
0.0368163000792265
0.03792295958846807
0.03836787231266499
0.04151715328916907
0.03906462574377656
0.03890976514667273
0.04051273195073009
0.038391934148967265
0.045658405497670175
0.042305135447531936
0.03864782284945249
0.04374903263524175
0.04369182251393795
0.04055701764300466
0.0404557173140347
0.04060372533276677
0.044061236828565595
0.04796888139098883
0.04016132606193423
0.04229873372241855
0.04224118897691369
0.04205249650403857
0.042543791234493256
0.044599523022770884
0.043784412741661075
0.04225839292630553
0.04541832525283098
0.045844556856900455
0.044382036197930574
0.041296603996306656
0.04361870661377907
0.045400374196469785
0.04308863431215286
0.04310997612774372
0.04598908219486475
0.04651383403688669
0.051876557245850566
0.04221933512017131
0.04315469535067677
0.043552858475595715
0.04431381346657872
0.04422077452763915
0.048270818777382374
0.04464172320440411
0.04529502503573894
0.04655393045395613
0.04880187213420868
0.05043554194271564
0.04779069311916828
0.044528905488550666
0.049721097387373445
0.04921954460442066
0.04836130402982235
0.04904174003750086
0.05179778626188636
0.05173782827332616
0.05222563873976469
0.05034891683608293
0.05052820984274149
0.04991876054555178
0.049495742097496985
0.05249130055308342
0.04586581876501441
0.04858909044414759
0.05286632003262639
0.049458501674234864
0.05123396199196577
0.04877805598080158
0.05426708739250898
0.05116522405296564
0.050946766324341294
0.05452576205134392
0.05202227998524904
0.05255504231899977
0.05248166527599096
0.0596908001229167
0.054850554745644334
0.052247262373566625
0.055594056472182275
0.05568693988025188
0.05327427815645933
0.05212974324822426
0.05573584381490946
0.05373738370835781
0.05481117554008961
0.05519960485398769
0.0546838665381074
0.05812526550143957
0.0537718391045928
0.05481449458748102
0.05406538899987936
0.05472331494092941
0.05113084781914949
0.05848889481276274
0.05358839090913534
0.0537296624854207
0.05409841407090425
0.05849660336971283
0.058799533359706405
0.0562142513692379
0.057026864401996134
0.05729457885026932
0.059426337294280526
0.05736972149461508
0.05784127861261368
0.0556321581825614
0.057128648087382314
0.058237372525036336
0.05667817145586014
0.061974579282104966
0.05817545372992754
0.060816224105656146
0.06524288728833198
0.0613775635138154
0.061622836999595164
0.06316502150148154
0.06307092308998108
0.061120919324457644
0.061635651625692844
0.06287777721881867
0.06280095037072897
0.05954600255936384
0.06318265069276094
0.06339283511042595
0.05984775554388762
0.059889552742242814
0.05830750670284033
0.06883533727377653
0.06426524762064219
0.06275206655263901
0.06915420889854432
0.0660684160888195
0.07168900202959776
0.06723934225738049
0.06906970962882042
0.06673308666795492
0.06516547407954931
0.06846334896981716
0.06475052908062935
0.06111035160720348
0.07100072186440229
0.06847397517412901
0.06538347378373147
0.06725749168545007
0.06968466714024543
0.06666727736592293
0.06545330490916967
0.0685584831982851
0.06895314287394286
0.06937934253364801
0.06569875441491604
0.06842112299054862
0.07210196740925312
0.07144907284528017
0.06497293449938298
0.06743213161826134
0.07210544105619192
0.07301777992397547
0.06960238721221686
0.06860828101634979
0.07205428183078766
0.07322521936148405
0.06714226994663477
0.06380303036421538
0.0661968506872654
0.06986807882785798
0.07050498574972153
0.07679864447563886
0.07480352912098169
0.07576733529567718
0.06850096620619298
0.07317923121154309
0.07291456758975982
0.07648449242115021
0.07209470123052597
0.07554726786911488
0.07307214941829443
0.07603174299001694
0.07320972681045532
0.07328686006367206
0.08033308051526547
0.07584616001695395
0.0774722933769226
0.07469476163387298
0.07631601076573133
0.07396306786686183
0.07612223885953426
0.07863975279033183
0.07396624218672514
0.07119771037250758
0.07297359928488731
0.07703527454286814
0.08079658187925816
0.07707062158733606
0.07647651471197606
0.0851074431091547
0.07421483192592859
0.08266456164419651
0.08112390358000994
0.081563800573349
0.07561370767652989
0.07736103739589453
0.0763147447258234
0.07427657581865788
0.07824009899049997
0.07788494490087032
0.07929876670241356
0.07671546656638384
0.07678157314658166
0.08252819217741489
0.07923053726553916
0.09050905536860228
0.08698853962123394
0.08487252332270145
0.08066133931279182
0.08004508446902037
0.08491413854062557
0.08079744260758162
0.08235694840550423
0.08230571784079074
0.08613820280879736
0.08265699800103903
0.0912649855017662
0.08515751622617244
0.07793710380792618
0.08666866570711136
0.0914577130228281
0.0914636354893446
0.09086721166968345
0.085965121909976
0.08645673599094153
0.0914550956338644
0.0898273952305317
0.08636791445314884
0.08968169540166855
0.08359993770718574
0.09110341034829617
0.08374741580337286
0.0876264002174139
0.08723177202045918
0.08954760450869799
0.09235335886478424
0.09008680284023285
0.08904524073004723
0.09126349464058876
0.09529352523386478
0.09136471711099148
0.09160755425691605
0.09377888664603233
0.09251291118562222
0.0910171266645193
0.09379105381667614
0.08937249593436718
0.09968709200620651
0.09279580898582936
0.0915304919704795
0.09687876664102077
0.08680639527738095
0.08869410920888185
0.0930244591087103
0.0920942671597004
0.08974806107580661
0.09689457044005394
0.09646148234605789
0.1020266704261303
0.09419924467802047
0.08842847272753715
0.09693496152758599
0.09555844143033028
0.09163406565785408
0.09095256105065345
0.09262432344257832
0.09375795088708401
0.08964691553264856
0.09709167703986168
0.0958446815609932
0.10128750763833523
0.10356824286282063
0.09744329117238522
0.0952342540025711
0.09622603580355645
0.09899632930755616
0.09372790791094303
0.09718888066709042
0.10481253042817115
0.09740899726748467
0.09300707466900349
0.106794822961092
0.0963922917842865
0.09881737232208251
0.09546894766390324
0.10479065515100956
0.09791151620447636
0.1103624425828457
0.09829020537436009
0.09361519925296306
0.0948787048459053
0.09929316602647305
0.10501645505428314
0.09974264614284038
0.10386451594531536
0.10260314643383026
0.09908136650919915
0.09670796245336533
0.09798092059791089
0.10597828552126884
0.09914378747344017
0.09889380931854248
0.10637271218001842
0.09793531000614167
0.10194570422172547
0.10524925366044044
0.10367308147251605
0.10512175858020782
0.10027188323438167
0.108890837803483
0.10109280720353127
0.10456551648676396
0.1091698881238699
0.10392124764621258
0.1017949178814888
0.1062350682914257
0.10046938583254814
0.10754124969244003
0.11211758442223071
0.10693658962845802
0.10270146615803241
0.10739349238574505
0.10497774779796601
0.09975163415074348
0.10290560834109783
0.10689830780029297
0.09938927218317986
0.1018690999597311
0.10589155964553357
0.09681227132678032
0.09795681573450565
0.11408405378460884
0.10664797984063626
0.09947839677333832
0.1111095555126667
0.10916872695088387
0.10765076167881489
0.10415873415768147
0.109341786429286
0.10328518711030484
0.10674912258982658
0.10118650905787945
0.10737153813242913
0.11281300075352192
0.11052172817289829
0.11016288176178932
0.1060317363590002
0.10492548570036889
0.10672249235212802
0.1037416223436594
0.10384470038115978
0.09796392917633057
0.11060545817017556
0.1067966241389513
0.11044398583471775
0.1060941245406866
0.09981205798685551
0.10660112798213958
0.10713259615004063
0.10327211543917655
0.10613072961568833
0.10485099777579307
0.10786172971129418
0.11183188073337078
0.11164138019084931
0.1137638259679079
0.09475258514285087
0.10923672579228878
0.09801449738442898
0.10910297818481922
0.11278220489621163
0.10602267198264599
0.10994245857000351
0.10073982328176498
0.11117519475519658
0.10952050052583218
0.10457889549434185
0.10941114276647568
0.1012340683490038
0.10673771835863591
0.10673216097056866
0.10295721031725406
0.10579515360295773
0.10879518687725068
0.10784170217812061
0.10843279324471951
0.10541915148496628
0.10774681866168975
0.10703001953661442
0.1077602081000805
0.11005561724305153
0.10538760349154472
0.10698412358760834
0.10294423587620258
0.1046393234282732
0.10850582607090473
0.10774004235863685
0.10642370544373989
0.09444041848182679
0.10410932675004006
0.1051039021462202
0.10659151040017605
0.10312328785657883
0.10946630015969276
0.10334700644016266
0.10249975509941578
0.10929227732121945
0.10480455160140992
0.10518507510423661
0.09926980026066304
0.10654503814876079
0.10649674832820892
0.10474494397640229
0.10276919640600682
0.10553087405860424
0.10472947806119919
0.10297924093902111
0.10377615205943584
0.10050780102610588
0.11362728886306286
0.10855435132980347
0.1087479129433632
0.10373635962605476
0.10719864778220653
0.1149253223091364
0.11545885428786277
0.10369106456637382
0.10050078257918357
0.10158036500215531
0.10787621289491653
0.11027303151786327
0.10231887847185135
0.09687665142118931
0.10292533375322818
0.1075776282697916
0.1023634634912014
0.10184035822749138
0.10483550429344177
0.10337249971926213
0.1063881553709507
0.10228092260658742
0.1046951800584793
0.10219123363494872
0.09979866854846478
0.11038317121565341
0.10454277694225311
0.1030991304665804
0.10357556194067001
0.10374478287994862
0.10326616503298283
0.10010239332914353
0.09954874441027642
0.10412418134510518
0.10036221370100976
0.11173699013888835
0.10291963927447796
0.0992802944034338
0.09905654788017274
0.09637217707931996
0.1095148403197527
0.10031618066132068
0.1059141281992197
0.09916435219347478
0.10293279774487019
0.09638592898845673
0.10311372727155685
0.10247852429747581
0.10100324973464012
0.10266931429505348
0.0983334444463253
0.10084307976067067
0.10081055648624897
0.09491669461131096
0.09990204274654388
0.10030383765697479
0.09843288846313954
0.09379916600883006
0.10036224126815796
0.10588591024279595
0.10233828611671925
0.10204532109200955
0.10007489249110221
0.09912533275783061
0.10731700919568539
0.10647323988378048
0.09098416045308114
0.10094616487622261
0.10580353476107121
0.10660911165177822
0.10173321664333343
0.10617252849042416
0.1009487584233284
0.10352525487542152
0.10087424740195275
0.09797617234289646
0.10231431275606155
0.1013235367834568
0.09522966891527176
0.10057935938239097
0.0996039092540741
0.10158414542675018
0.0992618415504694
0.10174269042909145
0.09935049824416638
0.09908985458314419
0.09419695120304823
0.1025113571435213
0.09918545782566071
0.09392906557768584
0.09961256999522447
0.09890832528471946
0.09974151365458965
0.1011769637465477
0.10587432160973549
0.09615246653556823
0.09788488149642945
0.09908962845802308
0.09690036624670029
0.09573959372937679
0.10335382372140885
0.10033456906676293
0.10095761120319366
0.10101011358201503
0.0999770101159811
0.10037823803722859
0.09989111497998238
0.09916484393179417
0.0990433745086193
0.09390787668526172
0.09921697527170181
0.09558339342474938
0.0992229349911213
0.09989198036491871
0.09654461611062289
0.09809431880712509
0.0971400860697031
0.09260564930737018
0.09565262570977211
0.09196206033229828
0.098805733025074
0.09598693773150443
0.0941376756876707
0.09624152183532715
0.09487819150090218
0.08889123853296041
0.09795463867485524
0.09172066450119018
0.09699271395802497
0.095881162956357
0.08916657771915197
0.09761452637612819
0.09268914237618446
0.09050859175622464
0.08981040306389332
0.09713965617120265
0.09093690514564515
0.0930335558950901
0.09853537380695343
0.09876787178218364
0.0930433813482523
0.08921051081269979
0.09699018113315105
0.09071702919900418
0.09263111539185047
0.0919202733784914
0.09922657646238804
0.0993877600878477
0.09914634861052037
0.0916938992217183
0.10024667568504811
0.09303519055247307
0.10007748119533062
0.09109545275568962
0.09535024166107178
0.09661750085651874
0.09404319077730179
0.09225357212126255
0.09159530289471149
0.09242144078016282
0.09233075305819512
0.0951146800071001
0.09946702420711517
0.08317223563790321
0.09608033113181591
0.09764455892145633
0.10141321308910847
0.0923867067322135
0.09073359593749046
0.09208181854337454
0.08886611554771662
0.08768533878028392
0.0916129931807518
0.08903933763504028
0.0924416970461607
0.09420121386647225
0.09476118758320809
0.09446732252836228
0.08806357122957706
0.08622264713048935
0.09420725479722022
0.09142015986144543
0.09329097904264927
0.08307794854044914
0.08675039485096932
0.09112386293709278
0.08792432993650437
0.09306539967656136
0.09394115284085273
0.09061113521456718
0.09471375085413455
0.08788459692150355
0.09413211494684219
0.0903486330062151
0.09210180416703224
0.08812622055411339
0.09905902594327927
0.08830203898251057
0.08862263932824135
0.08559424616396427
0.08940281830728054
0.08748752921819687
0.09768004976212978
0.09362955316901207
0.09276613388210535
0.09426444359123706
0.09175848625600339
0.08354517687112092
0.0919923409819603
0.08943017348647117
0.0829578198492527
0.0926107045263052
0.08890665657818317
0.08709515295922757
0.0920825257897377
0.0919921413064003
0.09281294215470552
0.08443299569189548
0.0878001343458891
0.08601502329111099
0.08808567523956298
0.09110357910394669
0.0846822764724493
0.08344698846340179
0.08663457930088043
0.0885984931141138
0.08878999296575785
0.09206884894520044
0.08762438632547856
0.08462813701480627
0.08861611373722553
0.08679062519222498
0.08757720105350017
0.08751485534012318
0.08931056819856167
0.08622873574495316
0.09234082661569118
0.0907997377216816
0.09109127819538117
0.08463681638240814
0.09126127548515797
0.08342182636260986
0.08556955698877573
0.08862554021179676
0.08429339211434125
0.08908192552626133
0.08505243025720119
0.08952589072287083
0.08639884702861308
0.09343015253543854
0.0950119610875845
0.08652688004076481
0.08924661129713059
0.08394442368298768
0.08516974225640297
0.09107839800417424
0.08101812899112701
0.08838985431939364
0.08363485876470804
0.08821670413017273
0.08640183247625828
0.0858532089740038
0.08691068328917026
