0.2094999953173101
0.21899999510496854
0.21699999514967203
0.22987499486189336
0.24029999462887644
0.25841666089060406
0.3113571358977684
0.3273749926825985
0.323111103889015
0.3392499924171716
0.33931817423382943
0.3330416592226053
0.34780768453358457
0.35449999207630756
0.3589999919757247
0.36362499187234787
0.3688235211679164
0.3723888805653486
0.3764999915845692
0.37159999169409275
0.378238086783815
0.3800227187785574
0.3807826001844976
0.3813541581427368
0.38405999141559005
0.3842499914113432
0.3865555469153656
0.39248213408448335
0.3972413704313081
0.40063332437848054
0.4039838619379988
0.4116874907980673
0.4129090816798535
0.4202499906066805
0.4287428475597075
0.43755554577542677
0.4461621521896607
0.45099998991936446
0.45893588717788075
0.46492498960811646
0.4787560868599429
0.48947617953554506
0.5003953376525017
0.507090897756544
0.5174999884329736
0.5273586838647886
0.5323723285260828
0.5449374878196978
0.549591824450359
0.56205998743698
0.570813712731515
0.5809903716292375
0.5977358356961664
0.6123240603875645
0.6242363496835936
0.6337053429784386
0.6530964766302261
0.6635344679274693
0.6715169341429689
0.6843333180372914
0.6974917876885318
0.7118306292506356
0.724984110779469
0.7398359209633781
0.7577769061392889
0.7733787705924249
0.7853955048331018
0.8048161584815449
0.8167898368157879
0.831014267139669
0.8470563190949845
0.8613055363038762
0.8781027200989017
0.8949121421593166
0.9103399796523154
0.9305262949905897
0.9464480307932894
0.9656281835447328
0.9816202312236345
1.0010874776239507
1.0172036809674292
1.0338536354281553
1.0496927476218756
1.068928547536156
1.0932587990931728
1.1129418355889271
1.1275287104299527
1.151607928805011
1.1724325580637525
1.1920833066881944
1.2093461268151608
1.22894018992235
1.2446666388461987
1.2576223123154822
1.277178918821247
1.29877601263676
1.3150515169980599
1.331270378407053
1.3484494648093
1.368429969413206
1.4000549687063322
1.4270199681036175
1.4582849674047902
1.4917349666571245
1.5236899659428746
1.5562599652148783
1.5902299644555897
1.6234049637140706
1.6589849629187956
1.6914549621930346
1.7255799614302814
1.7606499606464059
1.7878649600381031
1.8204749593092129
1.8541949585555122
1.8895949577642606
1.9227149570239708
1.964099956098944
2.0042249552020803
2.0417799543626605
2.0815649534733964
2.1199149526162073
2.1585599517524243
2.1972599508874118
2.2397949499366807
2.2816149490019306
2.3197999481484293
2.3577449473002927
2.402199946306646
2.449139945257455
2.495134944229387
2.5408099432084708
2.583949942244217
2.630749941198155
2.677434940154664
2.72222493915353
2.772109938038513
2.819599936977029
2.863629935992882
2.918719934761524
2.9672949336757886
3.0201599324941637
3.0782199311964216
3.130239930033684
3.173629929063842
3.224529927926138
3.272639926850796
3.3258949256604535
3.3775249245064334
3.429884923336096
3.4829649221496655
3.530859921079129
3.5808249199623243
3.6371949187023564
3.6805049177343028
3.7364549164837224
3.782444915455766
3.8312299143653363
3.886889913121238
3.9416849118964747
3.996229910677299
4.0513049094462765
4.106999908201397
4.15995490701776
4.21337490582373
4.268339904595167
4.328144903258421
4.380419902089983
4.442794900695794
4.492884899576195
4.55060989828594
4.608669896988198
4.669679895624518
4.727729894327
4.782174893110059
4.840894891797565
4.896019890565425
4.958189889175817
5.021764887754806
5.077439886510372
5.1394648851240055
5.200694883755408
5.263409882353619
5.32543988096714
5.3790048797698695
5.440769878389314
5.504684876960702
5.558289875762537
5.614014874516986
5.6743898731675
5.736094871788286
5.7925748705258595
5.853664869160391
5.920019867677242
5.980574866323732
6.036924865064211
6.102109863607213
6.1626648622537035
6.227484860804863
6.289559859417379
6.348584858098067
6.407294856785796
6.469864855387248
6.52768485409487
6.580414852916263
6.639384851598181
6.697729850294069
6.755474849003367
6.812604847726412
6.8733398463688795
6.928259845141321
6.988064843804575
7.053844842334278
7.1183848408916965
7.175279839619995
7.2347748382901775
7.296164836918003
7.349929835716263
7.402104834550061
7.461314833226614
7.522059831868857
7.580009830573574
7.632079829409719
7.688329828152433
7.741249826969579
7.788294825918041
7.840749824745581
7.896939823489636
7.941114822502248
7.987984821454622
8.034654820411467
8.080419819388538
8.132439818225802
8.179389817176387
8.226224816129543
8.272729815090075
8.316689814107493
8.365259813021868
8.413684811939486
8.44699481119495
8.48880981026031
8.524564809461124
8.555299808774144
8.59223980794847
8.640159806877374
8.681129805961623
8.726254804953001
8.757539804253728
8.802419803250581
8.842864802346565
8.883454801439308
8.929924800400622
8.965004799616523
8.999804798838683
9.043889797853305
9.081299797017127
9.120929796131328
9.161254795229993
9.196229794448241
9.227979793738573
9.256514793100767
9.285109792461618
9.317174791744911
9.350044791010209
9.377349790399894
9.405064789780415
9.42904478924442
9.45986478855554
9.48377478802111
9.52206978716515
9.551134786515497
9.576874785940163
9.599269785439596
9.622444784921594
9.64809978434816
9.667219783920794
9.694139783319086
9.710274782958441
9.725584782616234
9.746284782153554
9.766719781696796
9.786094781263731
9.803539780873805
9.81668978057988
9.83206978023611
9.846939779903739
9.86055477959942
9.878429779199884
9.896879778787493
9.908319778531789
9.923034778202885
9.942769777761772
9.955204777483829
9.969149777172133
9.981949776886031
9.996739776555449
10.001244776454755
10.017214776097797
10.025999775901436
10.033974775723182
10.048344775401986
10.066194775003009
10.07008477491606
10.081074774670414
10.10084977422841
10.111019774001091
10.11827477383893
10.12975977358222
10.13553477345314
10.141314773323945
10.148339773166924
